0.0000 	0.0000 	0.0000 	0.0000 	0.0000 	0.0000 	0.0000 	0.0000 	0.0000 	0.0000 	0.0000 	0.0000 	0.0000 	0.0000 	0.0000 	0.0000 	0.0000 	0.0000 	0.0000 	0.0000 	0.0000 	0.0000 	0.0000 	0.0000 	0.0070 	0.0480 	0.0110 	0.0050 	0.0000 	0.0110 	0.0340 	0.0090 	0.0630 	0.0000 	0.0000 	0.0000 	0.0000 	0.0290 	0.1560 	0.0880 	0.6760 	0.7940 	0.1180 	0.0000 	0.0000 	0.0000 	0.0000 	0.0000 	0.0000 	0.0000 	0.0000 	0.0000 	0.0000 	0.0000 	0.0000 	0.0000 	0.0000 	0.0000 	0.0000 	0.0000 	0.0000 	0.0000 	0.0000 	0.0000 
0.0000 	0.0000 	0.0000 	0.0000 	0.0000 	0.0000 	0.0000 	0.0000 	0.0000 	0.0000 	0.0000 	0.0000 	0.0000 	0.0000 	0.0000 	0.0000 	0.0000 	0.0000 	0.0000 	0.0000 	0.0000 	0.0000 	0.0000 	0.0000 	0.0070 	0.0480 	0.0110 	0.0050 	0.0000 	0.0110 	0.0340 	0.0090 	0.0630 	0.0000 	0.0000 	0.0000 	0.0000 	0.0290 	0.1560 	0.0880 	0.6760 	0.7940 	0.1180 	0.0000 	0.0000 	0.0000 	0.0000 	0.0000 	0.0000 	0.0000 	0.0000 	0.0000 	0.0000 	0.0000 	0.0000 	0.0000 	0.0000 	0.0000 	0.0000 	0.0000 	0.0000 	0.0000 	0.0000 	0.0000 
0.0000 	0.0000 	0.0000 	0.0000 	0.0000 	0.0000 	0.0000 	0.0000 	0.0000 	0.0000 	0.0000 	0.0000 	0.0000 	0.0000 	0.0000 	0.0000 	0.0000 	0.0000 	0.0000 	0.0000 	0.0000 	0.0000 	0.0000 	0.0000 	0.0070 	0.0480 	0.0110 	0.0050 	0.0000 	0.0110 	0.0340 	0.0090 	0.0630 	0.0000 	0.0000 	0.0000 	0.0000 	0.0290 	0.1560 	0.0880 	0.6760 	0.7940 	0.1180 	0.0000 	0.0000 	0.0000 	0.0000 	0.0000 	0.0000 	0.0000 	0.0000 	0.0000 	0.0000 	0.0000 	0.0000 	0.0000 	0.0000 	0.0000 	0.0000 	0.0000 	0.0000 	0.0000 	0.0000 	0.0000 
0.0000 	0.0000 	0.0000 	0.0000 	0.0000 	0.0000 	0.0000 	0.0000 	0.0000 	0.0000 	0.0000 	0.0000 	0.0000 	0.0000 	0.0000 	0.0000 	0.0000 	0.0000 	0.0000 	0.0000 	0.0000 	0.0000 	0.0000 	0.0000 	0.0070 	0.0480 	0.0110 	0.0050 	0.0000 	0.0110 	0.0340 	0.0090 	0.0630 	0.0000 	0.0000 	0.0000 	0.0000 	0.0290 	0.1560 	0.0880 	0.6760 	0.7940 	0.1180 	0.0000 	0.0000 	0.0000 	0.0000 	0.0000 	0.0000 	0.0000 	0.0000 	0.0000 	0.0000 	0.0000 	0.0000 	0.0000 	0.0000 	0.0000 	0.0000 	0.0000 	0.0000 	0.0000 	0.0000 	0.0000 
0.0000 	0.0000 	0.0000 	0.0000 	0.0000 	0.0000 	0.0000 	0.0000 	0.0000 	0.0000 	0.0000 	0.0000 	0.0000 	0.0000 	0.0000 	0.0000 	0.0000 	0.0000 	0.0000 	0.0000 	0.0000 	0.0000 	0.0000 	0.0000 	0.0070 	0.0480 	0.0110 	0.0050 	0.0000 	0.0110 	0.0340 	0.0090 	0.0630 	0.0000 	0.0000 	0.0000 	0.0000 	0.0290 	0.1560 	0.0880 	0.6760 	0.7940 	0.0354 	0.0000 	0.0000 	0.0000 	0.0000 	0.0000 	0.0000 	0.0000 	0.0000 	0.0000 	0.0000 	0.0000 	0.0000 	0.0000 	0.0000 	0.0000 	0.0000 	0.0000 	0.0000 	0.0000 	0.0000 	0.0000 
0.0000 	0.0000 	0.0000 	0.0000 	0.0000 	0.0000 	0.0000 	0.0000 	0.0000 	0.0000 	0.0000 	0.0000 	0.0000 	0.0000 	0.0000 	0.0000 	0.0000 	0.0000 	0.0110 	0.0290 	0.0000 	0.0000 	0.0000 	0.0050 	0.0140 	0.0000 	0.0000 	0.0000 	0.0050 	0.0000 	0.0390 	0.0000 	0.0450 	0.0050 	0.0000 	0.0430 	0.1470 	0.4040 	0.3380 	0.7280 	1.0000 	0.2019 	0.0450 	0.0000 	0.0000 	0.0000 	0.0000 	0.0000 	0.0000 	0.0000 	0.0000 	0.0000 	0.0000 	0.0000 	0.0000 	0.0000 	0.0000 	0.0000 	0.0000 	0.0000 	0.0000 	0.0000 	0.0000 	0.0000 
0.0000 	0.0000 	0.0000 	0.0000 	0.0000 	0.0000 	0.0000 	0.0000 	0.0000 	0.0000 	0.0000 	0.0000 	0.0000 	0.0000 	0.0050 	0.0000 	0.0000 	0.0000 	0.0000 	0.0000 	0.1450 	0.0200 	0.1320 	0.0110 	0.0340 	0.0070 	0.0000 	0.1320 	0.1410 	0.1020 	0.0980 	0.0630 	0.0110 	0.0000 	0.0070 	0.3170 	0.5400 	0.4470 	0.6690 	0.7550 	0.2094 	0.0354 	0.0162 	0.0000 	0.0000 	0.0000 	0.0000 	0.0000 	0.0000 	0.0000 	0.0000 	0.0000 	0.0000 	0.0000 	0.0000 	0.0000 	0.0000 	0.0000 	0.0000 	0.0000 	0.0000 	0.0000 	0.0000 	0.0000 
0.0000 	0.0000 	0.0000 	0.0000 	0.0000 	0.0000 	0.0000 	0.0000 	0.0000 	0.0000 	0.0000 	0.0000 	0.0000 	0.0070 	0.0180 	0.0000 	0.0000 	0.0000 	0.0000 	0.0020 	0.0250 	0.0290 	0.1180 	0.1410 	0.0090 	0.0200 	0.1250 	0.0930 	0.0290 	0.2040 	0.0930 	0.0000 	0.0000 	0.0110 	0.2470 	0.6760 	0.1560 	0.1110 	0.0000 	0.0171 	0.0150 	0.0000 	0.0000 	0.0000 	0.0000 	0.0000 	0.0000 	0.0000 	0.0000 	0.0000 	0.0000 	0.0000 	0.0000 	0.0000 	0.0000 	0.0000 	0.0000 	0.0000 	0.0000 	0.0000 	0.0000 	0.0000 	0.0000 	0.0000 
0.0000 	0.0000 	0.0000 	0.0000 	0.0000 	0.0000 	0.0000 	0.0000 	0.0000 	0.0000 	0.0000 	0.0000 	0.0050 	0.0000 	0.0000 	0.0000 	0.0140 	0.0020 	0.0140 	0.0180 	0.0110 	0.0000 	0.0000 	0.0430 	0.0140 	0.0430 	0.1320 	0.0340 	0.0230 	0.0180 	0.0000 	0.0000 	0.0000 	0.0730 	0.6730 	0.2740 	0.0000 	0.0108 	0.0006 	0.0000 	0.0000 	0.0000 	0.0000 	0.0000 	0.0000 	0.0000 	0.0000 	0.0000 	0.0000 	0.0000 	0.0000 	0.0000 	0.0000 	0.0000 	0.0000 	0.0000 	0.0000 	0.0000 	0.0000 	0.0000 	0.0000 	0.0000 	0.0000 	0.0000 
0.0000 	0.0000 	0.0000 	0.0000 	0.0000 	0.0000 	0.0000 	0.0000 	0.0000 	0.0000 	0.0000 	0.0000 	0.0000 	0.0000 	0.0020 	0.0020 	0.0000 	0.0320 	0.0250 	0.0520 	0.0520 	0.0000 	0.0000 	0.0480 	0.0340 	0.0000 	0.0750 	0.0200 	0.0790 	0.0000 	0.0000 	0.0000 	0.0250 	0.3850 	0.7480 	0.2490 	0.0000 	0.0000 	0.0000 	0.0000 	0.0000 	0.0000 	0.0000 	0.0000 	0.0000 	0.0000 	0.0000 	0.0000 	0.0000 	0.0000 	0.0000 	0.0000 	0.0000 	0.0000 	0.0000 	0.0000 	0.0000 	0.0000 	0.0000 	0.0000 	0.0000 	0.0000 	0.0000 	0.0000 
0.0000 	0.0000 	0.0000 	0.0000 	0.0000 	0.0000 	0.0000 	0.0000 	0.0000 	0.0000 	0.0000 	0.0000 	0.0000 	0.0000 	0.0000 	0.0000 	0.0000 	0.0000 	0.0590 	0.0860 	0.0880 	0.0090 	0.0140 	0.0000 	0.0090 	0.0000 	0.0000 	0.0000 	0.0000 	0.0000 	0.0000 	0.0000 	0.3540 	0.6210 	0.2590 	0.2270 	0.0000 	0.0000 	0.0000 	0.0000 	0.0000 	0.0000 	0.0000 	0.0000 	0.0000 	0.0000 	0.0000 	0.0000 	0.0000 	0.0000 	0.0000 	0.0000 	0.0000 	0.0000 	0.0000 	0.0000 	0.0000 	0.0000 	0.0000 	0.0000 	0.0000 	0.0000 	0.0000 	0.0000 
0.0000 	0.0000 	0.0000 	0.0000 	0.0000 	0.0000 	0.0000 	0.0000 	0.0250 	0.0250 	0.0180 	0.0000 	0.0000 	0.0180 	0.0070 	0.0000 	0.0000 	0.0000 	0.0000 	0.0000 	0.0000 	0.0140 	0.0540 	0.0140 	0.0680 	0.0050 	0.0000 	0.0000 	0.0000 	0.0000 	0.0000 	0.0590 	0.4240 	0.7260 	0.2520 	0.0183 	0.0000 	0.0000 	0.0000 	0.0000 	0.0000 	0.0000 	0.0000 	0.0000 	0.0000 	0.0000 	0.0000 	0.0000 	0.0000 	0.0000 	0.0000 	0.0000 	0.0000 	0.0000 	0.0000 	0.0000 	0.0000 	0.0000 	0.0000 	0.0000 	0.0000 	0.0000 	0.0000 	0.0000 
0.0000 	0.0000 	0.0000 	0.0000 	0.0000 	0.0000 	0.0020 	0.0020 	0.1070 	0.0790 	0.1450 	0.0050 	0.0270 	0.0020 	0.0000 	0.0020 	0.0000 	0.0110 	0.0000 	0.0090 	0.1970 	0.0360 	0.0230 	0.1520 	0.0110 	0.0000 	0.0000 	0.0000 	0.0000 	0.0000 	0.0000 	0.1410 	0.6710 	0.4540 	0.0950 	0.0000 	0.0000 	0.0000 	0.0000 	0.0000 	0.0000 	0.0000 	0.0000 	0.0000 	0.0000 	0.0000 	0.0000 	0.0000 	0.0000 	0.0000 	0.0000 	0.0000 	0.0000 	0.0000 	0.0000 	0.0000 	0.0000 	0.0000 	0.0000 	0.0000 	0.0000 	0.0000 	0.0000 	0.0000 
0.0000 	0.0000 	0.0000 	0.0000 	0.0000 	0.0000 	0.0000 	0.0250 	0.0820 	0.0880 	0.0250 	0.0270 	0.0020 	0.0090 	0.0090 	0.0270 	0.1000 	0.0480 	0.0000 	0.0840 	0.0880 	0.2590 	0.1160 	0.0050 	0.0000 	0.0000 	0.0000 	0.0000 	0.0000 	0.0000 	0.1130 	0.6580 	0.6670 	0.1160 	0.0021 	0.0000 	0.0000 	0.0000 	0.0000 	0.0000 	0.0000 	0.0000 	0.0000 	0.0000 	0.0000 	0.0000 	0.0000 	0.0000 	0.0000 	0.0000 	0.0000 	0.0000 	0.0000 	0.0000 	0.0000 	0.0000 	0.0000 	0.0000 	0.0000 	0.0000 	0.0000 	0.0000 	0.0000 	0.0000 
0.0000 	0.0000 	0.0000 	0.0000 	0.0000 	0.0000 	0.0000 	0.0340 	0.0910 	0.0070 	0.0410 	0.0110 	0.0660 	0.1340 	0.1500 	0.1320 	0.0000 	0.0000 	0.0000 	0.0000 	0.1070 	0.2400 	0.1540 	0.0000 	0.0090 	0.0000 	0.0000 	0.0000 	0.0000 	0.0000 	0.0340 	0.7690 	0.3220 	0.0200 	0.0000 	0.0000 	0.0000 	0.0000 	0.0000 	0.0000 	0.0000 	0.0000 	0.0000 	0.0000 	0.0000 	0.0000 	0.0000 	0.0000 	0.0000 	0.0000 	0.0000 	0.0000 	0.0000 	0.0000 	0.0000 	0.0000 	0.0000 	0.0000 	0.0000 	0.0000 	0.0000 	0.0000 	0.0000 	0.0000 
0.0000 	0.0000 	0.0000 	0.0000 	0.0000 	0.0000 	0.0000 	0.0340 	0.0390 	0.0340 	0.0250 	0.0360 	0.0230 	0.0000 	0.0070 	0.0540 	0.0730 	0.0000 	0.0840 	0.2450 	0.2060 	0.0700 	0.0390 	0.0270 	0.3830 	0.0000 	0.0000 	0.0000 	0.0000 	0.0200 	0.2020 	0.9070 	0.1290 	0.0060 	0.0000 	0.0000 	0.0000 	0.0000 	0.0000 	0.0000 	0.0000 	0.0000 	0.0000 	0.0000 	0.0000 	0.0000 	0.0000 	0.0000 	0.0000 	0.0000 	0.0000 	0.0000 	0.0000 	0.0000 	0.0000 	0.0000 	0.0000 	0.0000 	0.0000 	0.0000 	0.0000 	0.0000 	0.0000 	0.0000 
0.0000 	0.0000 	0.0000 	0.0000 	0.0000 	0.0000 	0.0000 	0.0270 	0.0430 	0.0320 	0.0630 	0.0000 	0.0000 	0.0000 	0.0000 	0.0250 	0.0160 	0.0050 	0.0500 	0.0480 	0.1410 	0.0950 	0.0200 	0.0140 	0.0140 	0.0000 	0.0000 	0.0000 	0.0000 	0.0590 	0.5370 	0.8440 	0.2150 	0.0042 	0.0000 	0.0000 	0.0000 	0.0000 	0.0000 	0.0000 	0.0000 	0.0000 	0.0000 	0.0000 	0.0000 	0.0000 	0.0000 	0.0000 	0.0000 	0.0000 	0.0000 	0.0000 	0.0000 	0.0000 	0.0000 	0.0000 	0.0000 	0.0000 	0.0000 	0.0000 	0.0000 	0.0000 	0.0000 	0.0000 
0.0000 	0.0000 	0.0000 	0.0000 	0.0000 	0.0000 	0.0360 	0.0520 	0.0540 	0.0140 	0.0250 	0.0000 	0.0000 	0.0000 	0.0180 	0.0250 	0.0290 	0.0000 	0.0000 	0.0410 	0.0860 	0.1160 	0.0290 	0.0140 	0.0000 	0.0000 	0.0000 	0.0000 	0.1090 	0.2450 	0.9300 	0.4330 	0.0033 	0.0000 	0.0000 	0.0000 	0.0000 	0.0000 	0.0000 	0.0000 	0.0000 	0.0000 	0.0000 	0.0000 	0.0000 	0.0000 	0.0000 	0.0000 	0.0000 	0.0000 	0.0000 	0.0000 	0.0000 	0.0000 	0.0000 	0.0000 	0.0000 	0.0000 	0.0000 	0.0000 	0.0000 	0.0000 	0.0000 	0.0000 
0.0000 	0.0000 	0.0000 	0.0000 	0.0000 	0.0000 	0.0430 	0.0540 	0.0360 	0.0450 	0.0000 	0.0000 	0.0000 	0.0000 	0.0000 	0.0000 	0.0090 	0.1500 	0.2220 	0.0590 	0.0340 	0.0000 	0.0930 	0.0340 	0.0430 	0.0000 	0.0000 	0.0000 	0.3510 	0.3080 	0.8000 	0.1305 	0.0219 	0.0000 	0.0000 	0.0000 	0.0000 	0.0000 	0.0000 	0.0000 	0.0000 	0.0000 	0.0000 	0.0000 	0.0000 	0.0000 	0.0000 	0.0000 	0.0000 	0.0000 	0.0000 	0.0000 	0.0000 	0.0000 	0.0000 	0.0000 	0.0000 	0.0000 	0.0000 	0.0000 	0.0000 	0.0000 	0.0000 	0.0000 
0.0000 	0.0000 	0.0000 	0.0000 	0.0000 	0.0000 	0.0320 	0.0680 	0.0770 	0.0200 	0.0000 	0.0000 	0.0000 	0.0000 	0.0000 	0.0000 	0.0000 	0.0630 	0.1200 	0.1660 	0.0070 	0.0090 	0.0020 	0.0000 	0.0000 	0.0000 	0.0000 	0.0930 	0.5220 	0.3740 	0.5440 	0.0918 	0.0081 	0.0000 	0.0000 	0.0000 	0.0000 	0.0000 	0.0000 	0.0000 	0.0000 	0.0000 	0.0000 	0.0000 	0.0000 	0.0000 	0.0000 	0.0000 	0.0000 	0.0000 	0.0000 	0.0000 	0.0000 	0.0000 	0.0000 	0.0000 	0.0000 	0.0000 	0.0000 	0.0000 	0.0000 	0.0000 	0.0000 	0.0000 
0.0000 	0.0000 	0.0000 	0.0000 	0.0000 	0.0000 	0.0000 	0.2060 	0.0750 	0.0140 	0.0000 	0.0000 	0.0000 	0.0200 	0.0000 	0.0000 	0.0050 	0.0000 	0.0000 	0.0320 	0.1250 	0.1360 	0.0480 	0.0000 	0.0000 	0.0000 	0.0000 	0.1590 	0.2650 	0.7480 	0.6690 	0.0015 	0.0000 	0.0000 	0.0000 	0.0000 	0.0000 	0.0000 	0.0000 	0.0000 	0.0000 	0.0000 	0.0000 	0.0000 	0.0000 	0.0000 	0.0000 	0.0000 	0.0000 	0.0000 	0.0000 	0.0000 	0.0000 	0.0000 	0.0000 	0.0000 	0.0000 	0.0000 	0.0000 	0.0000 	0.0000 	0.0000 	0.0000 	0.0000 
0.0000 	0.0000 	0.0000 	0.0000 	0.0000 	0.0000 	0.0000 	0.1900 	0.0910 	0.0520 	0.0000 	0.0200 	0.0140 	0.0000 	0.0000 	0.0160 	0.0090 	0.0000 	0.0000 	0.0790 	0.1540 	0.0230 	0.0430 	0.0110 	0.0070 	0.0070 	0.0000 	0.5280 	0.2520 	0.9930 	0.1851 	0.0144 	0.0000 	0.0000 	0.0000 	0.0000 	0.0000 	0.0000 	0.0000 	0.0000 	0.0000 	0.0000 	0.0000 	0.0000 	0.0000 	0.0000 	0.0000 	0.0000 	0.0000 	0.0000 	0.0000 	0.0000 	0.0000 	0.0000 	0.0000 	0.0000 	0.0000 	0.0000 	0.0000 	0.0000 	0.0000 	0.0000 	0.0000 	0.0000 
0.0000 	0.0000 	0.0000 	0.0000 	0.0000 	0.0000 	0.0000 	0.0110 	0.1770 	0.1470 	0.0840 	0.0180 	0.0140 	0.0000 	0.0000 	0.0000 	0.0000 	0.0000 	0.0090 	0.0000 	0.0000 	0.0000 	0.0000 	0.0110 	0.0140 	0.0180 	0.0000 	0.2680 	0.3540 	0.9050 	0.0237 	0.0000 	0.0000 	0.0000 	0.0000 	0.0000 	0.0000 	0.0000 	0.0000 	0.0000 	0.0000 	0.0000 	0.0000 	0.0000 	0.0000 	0.0000 	0.0000 	0.0000 	0.0000 	0.0000 	0.0000 	0.0000 	0.0000 	0.0000 	0.0000 	0.0000 	0.0000 	0.0000 	0.0000 	0.0000 	0.0000 	0.0000 	0.0000 	0.0000 
0.0000 	0.0000 	0.0000 	0.0000 	0.0000 	0.0000 	0.0000 	0.0540 	0.1840 	0.0660 	0.1360 	0.0610 	0.0000 	0.0000 	0.0000 	0.0000 	0.0000 	0.0000 	0.0000 	0.0000 	0.0000 	0.0000 	0.0000 	0.2130 	0.1320 	0.0140 	0.1130 	0.4130 	0.5940 	0.5420 	0.0666 	0.0000 	0.0000 	0.0000 	0.0000 	0.0000 	0.0000 	0.0000 	0.0000 	0.0000 	0.0000 	0.0000 	0.0000 	0.0000 	0.0000 	0.0000 	0.0000 	0.0000 	0.0000 	0.0000 	0.0000 	0.0000 	0.0000 	0.0000 	0.0000 	0.0000 	0.0000 	0.0000 	0.0000 	0.0000 	0.0000 	0.0000 	0.0000 	0.0000 
0.0000 	0.0000 	0.0000 	0.0000 	0.0000 	0.0000 	0.0000 	0.0250 	0.0770 	0.0230 	0.1860 	0.0840 	0.0140 	0.0000 	0.0000 	0.0930 	0.0200 	0.0000 	0.0000 	0.0000 	0.0160 	0.0290 	0.0000 	0.3220 	0.5400 	0.0910 	0.0840 	0.3830 	0.8660 	0.0600 	0.0000 	0.0015 	0.0000 	0.0000 	0.0000 	0.0000 	0.0000 	0.0000 	0.0000 	0.0000 	0.0000 	0.0000 	0.0000 	0.0000 	0.0000 	0.0000 	0.0000 	0.0000 	0.0000 	0.0000 	0.0000 	0.0000 	0.0000 	0.0000 	0.0000 	0.0000 	0.0000 	0.0000 	0.0000 	0.0000 	0.0000 	0.0000 	0.0000 	0.0000 
0.0000 	0.0000 	0.0000 	0.0000 	0.0000 	0.0000 	0.0000 	0.0020 	0.0340 	0.1020 	0.0230 	0.0250 	0.0090 	0.0000 	0.0000 	0.0000 	0.0000 	0.0000 	0.0000 	0.0070 	0.2680 	0.2270 	0.1130 	0.0770 	0.6210 	0.6460 	0.2930 	0.5600 	0.9520 	0.0756 	0.0000 	0.0000 	0.0000 	0.0000 	0.0000 	0.0000 	0.0000 	0.0000 	0.0000 	0.0000 	0.0000 	0.0000 	0.0000 	0.0000 	0.0000 	0.0000 	0.0000 	0.0000 	0.0000 	0.0000 	0.0000 	0.0000 	0.0000 	0.0000 	0.0000 	0.0000 	0.0000 	0.0000 	0.0000 	0.0000 	0.0000 	0.0000 	0.0000 	0.0000 
0.0000 	0.0000 	0.0000 	0.0000 	0.0000 	0.0000 	0.0000 	0.0020 	0.0070 	0.0590 	0.0250 	0.0270 	0.0000 	0.0200 	0.0450 	0.0000 	0.0000 	0.0000 	0.0000 	0.0500 	0.3080 	0.1880 	0.2270 	0.1520 	0.3200 	0.3490 	0.0110 	0.7120 	0.2940 	0.0612 	0.0000 	0.0015 	0.0000 	0.0000 	0.0000 	0.0000 	0.0000 	0.0000 	0.0000 	0.0000 	0.0000 	0.0000 	0.0000 	0.0000 	0.0000 	0.0000 	0.0000 	0.0000 	0.0000 	0.0000 	0.0000 	0.0000 	0.0000 	0.0000 	0.0000 	0.0000 	0.0000 	0.0000 	0.0000 	0.0000 	0.0000 	0.0000 	0.0000 	0.0000 
0.0000 	0.0000 	0.0000 	0.0000 	0.0000 	0.0000 	0.0000 	0.0000 	0.0000 	0.0200 	0.0000 	0.0000 	0.1000 	0.0540 	0.0910 	0.2340 	0.1560 	0.1590 	0.1110 	0.2520 	0.0840 	0.3170 	0.3850 	0.1410 	0.0090 	0.4200 	0.6280 	0.2490 	0.1185 	0.0015 	0.0015 	0.0000 	0.0000 	0.0000 	0.0000 	0.0000 	0.0000 	0.0000 	0.0000 	0.0000 	0.0000 	0.0000 	0.0000 	0.0000 	0.0000 	0.0000 	0.0000 	0.0000 	0.0000 	0.0000 	0.0000 	0.0000 	0.0000 	0.0000 	0.0000 	0.0000 	0.0000 	0.0000 	0.0000 	0.0000 	0.0000 	0.0000 	0.0000 	0.0000 
0.0000 	0.0000 	0.0000 	0.0000 	0.0000 	0.0000 	0.0000 	0.0000 	0.0020 	0.0700 	0.0050 	0.0000 	0.0700 	0.1360 	0.0840 	0.1560 	0.2360 	0.5650 	0.3970 	0.6980 	0.6870 	0.5400 	0.2810 	0.3020 	0.0110 	0.0250 	0.0075 	0.0804 	0.0279 	0.0006 	0.0006 	0.0000 	0.0000 	0.0000 	0.0000 	0.0000 	0.0000 	0.0000 	0.0000 	0.0000 	0.0000 	0.0000 	0.0000 	0.0000 	0.0000 	0.0000 	0.0000 	0.0000 	0.0000 	0.0000 	0.0000 	0.0000 	0.0000 	0.0000 	0.0000 	0.0000 	0.0000 	0.0000 	0.0000 	0.0000 	0.0000 	0.0000 	0.0000 	0.0000 
0.0000 	0.0000 	0.0000 	0.0000 	0.0000 	0.0000 	0.0000 	0.0000 	0.0270 	0.0020 	0.0000 	0.0180 	0.0140 	0.1070 	0.1360 	0.1180 	0.0252 	0.0000 	0.0000 	0.0306 	0.0183 	0.0048 	0.0980 	0.0000 	0.0000 	0.0000 	0.0000 	0.0000 	0.0000 	0.0000 	0.0000 	0.0000 	0.0000 	0.0000 	0.0000 	0.0000 	0.0000 	0.0000 	0.0000 	0.0000 	0.0000 	0.0000 	0.0000 	0.0000 	0.0000 	0.0000 	0.0000 	0.0000 	0.0000 	0.0000 	0.0000 	0.0000 	0.0000 	0.0000 	0.0000 	0.0000 	0.0000 	0.0000 	0.0000 	0.0000 	0.0000 	0.0000 	0.0000 	0.0000 
0.0000 	0.0000 	0.0000 	0.0000 	0.0000 	0.0000 	0.0000 	0.0000 	0.0160 	0.0000 	0.1500 	0.0770 	0.0160 	0.0000 	0.0000 	0.0000 	0.0000 	0.0000 	0.0069 	0.0000 	0.0000 	0.0000 	0.0060 	0.0135 	0.0189 	0.0258 	0.0096 	0.0000 	0.0081 	0.0027 	0.0000 	0.0000 	0.0000 	0.0000 	0.0000 	0.0000 	0.0000 	0.0000 	0.0000 	0.0000 	0.0000 	0.0000 	0.0000 	0.0000 	0.0000 	0.0000 	0.0000 	0.0000 	0.0000 	0.0000 	0.0000 	0.0000 	0.0000 	0.0000 	0.0000 	0.0000 	0.0000 	0.0000 	0.0000 	0.0000 	0.0000 	0.0000 	0.0000 	0.0000 
0.0000 	0.0000 	0.0000 	0.0000 	0.0000 	0.0000 	0.0000 	0.0000 	0.0160 	0.0200 	0.2430 	0.0880 	0.1000 	0.0660 	0.0912 	0.0627 	0.0300 	0.0429 	0.0531 	0.1164 	0.0483 	0.0468 	0.0693 	0.1518 	0.0756 	0.1536 	0.1455 	0.0087 	0.0015 	0.0156 	0.0333 	0.0000 	0.0000 	0.0000 	0.0000 	0.0000 	0.0000 	0.0000 	0.0000 	0.0000 	0.0000 	0.0000 	0.0000 	0.0000 	0.0000 	0.0000 	0.0000 	0.0000 	0.0000 	0.0000 	0.0000 	0.0000 	0.0000 	0.0000 	0.0000 	0.0000 	0.0000 	0.0000 	0.0000 	0.0000 	0.0000 	0.0000 	0.0000 	0.0000 
0.0000 	0.0000 	0.0000 	0.0000 	0.0000 	0.0000 	0.0000 	0.0250 	0.0730 	0.0200 	0.1560 	0.0250 	0.0000 	0.0020 	0.0090 	0.0000 	0.0000 	0.0000 	0.0000 	0.0135 	0.0000 	0.0000 	0.0117 	0.0570 	0.0816 	0.0912 	0.1416 	0.1068 	0.0354 	0.0585 	0.0333 	0.0000 	0.0000 	0.0000 	0.0000 	0.0000 	0.0000 	0.0000 	0.0000 	0.0000 	0.0000 	0.0000 	0.0000 	0.0000 	0.0000 	0.0000 	0.0000 	0.0000 	0.0000 	0.0000 	0.0000 	0.0000 	0.0000 	0.0000 	0.0000 	0.0000 	0.0000 	0.0000 	0.0000 	0.0000 	0.0000 	0.0000 	0.0000 	0.0000 
0.0000 	0.0000 	0.0000 	0.0000 	0.0000 	0.0000 	0.0000 	0.0290 	0.0680 	0.0110 	0.0860 	0.0360 	0.0000 	0.0160 	0.0000 	0.0000 	0.0000 	0.0000 	0.0000 	0.0020 	0.0000 	0.0000 	0.0000 	0.0000 	0.0500 	0.1930 	0.2590 	0.9230 	0.0960 	0.0108 	0.0735 	0.0000 	0.0000 	0.0000 	0.0000 	0.0000 	0.0000 	0.0000 	0.0000 	0.0000 	0.0000 	0.0000 	0.0000 	0.0000 	0.0000 	0.0000 	0.0000 	0.0000 	0.0000 	0.0000 	0.0000 	0.0000 	0.0000 	0.0000 	0.0000 	0.0000 	0.0000 	0.0000 	0.0000 	0.0000 	0.0000 	0.0000 	0.0000 	0.0000 
0.0000 	0.0000 	0.0000 	0.0000 	0.0000 	0.0000 	0.0000 	0.0000 	0.0750 	0.0750 	0.0180 	0.0200 	0.0000 	0.0070 	0.0000 	0.0000 	0.0000 	0.0000 	0.0000 	0.0000 	0.0000 	0.0000 	0.0000 	0.0000 	0.0820 	0.0520 	0.4130 	0.2590 	0.0654 	0.0027 	0.0294 	0.0054 	0.0000 	0.0000 	0.0000 	0.0000 	0.0000 	0.0000 	0.0000 	0.0000 	0.0000 	0.0000 	0.0000 	0.0000 	0.0000 	0.0000 	0.0000 	0.0000 	0.0000 	0.0000 	0.0000 	0.0000 	0.0000 	0.0000 	0.0000 	0.0000 	0.0000 	0.0000 	0.0000 	0.0000 	0.0000 	0.0000 	0.0000 	0.0000 
0.0000 	0.0000 	0.0000 	0.0000 	0.0000 	0.0000 	0.0000 	0.0000 	0.0200 	0.0290 	0.0250 	0.0410 	0.0000 	0.0020 	0.0250 	0.0050 	0.0000 	0.0000 	0.0000 	0.0000 	0.0000 	0.0000 	0.0000 	0.0000 	0.0000 	0.0540 	0.3060 	0.6420 	0.1293 	0.1332 	0.0687 	0.0000 	0.0000 	0.0000 	0.0000 	0.0000 	0.0000 	0.0000 	0.0000 	0.0000 	0.0000 	0.0000 	0.0000 	0.0000 	0.0000 	0.0000 	0.0000 	0.0000 	0.0000 	0.0000 	0.0000 	0.0000 	0.0000 	0.0000 	0.0000 	0.0000 	0.0000 	0.0000 	0.0000 	0.0000 	0.0000 	0.0000 	0.0000 	0.0000 
0.0000 	0.0000 	0.0000 	0.0000 	0.0000 	0.0000 	0.0000 	0.0000 	0.0000 	0.0090 	0.0020 	0.0000 	0.0000 	0.0000 	0.0290 	0.0000 	0.0000 	0.0000 	0.0000 	0.0000 	0.0000 	0.0000 	0.0070 	0.0000 	0.0000 	0.0410 	0.0200 	0.1160 	0.1040 	0.0612 	0.2130 	0.1143 	0.0171 	0.0048 	0.0000 	0.0000 	0.0000 	0.0000 	0.0000 	0.0000 	0.0000 	0.0000 	0.0000 	0.0000 	0.0000 	0.0000 	0.0000 	0.0000 	0.0000 	0.0000 	0.0000 	0.0000 	0.0000 	0.0000 	0.0000 	0.0000 	0.0000 	0.0000 	0.0000 	0.0000 	0.0000 	0.0000 	0.0000 	0.0000 
0.0000 	0.0000 	0.0000 	0.0000 	0.0000 	0.0000 	0.0000 	0.0000 	0.0000 	0.0000 	0.0290 	0.0390 	0.0140 	0.0110 	0.0290 	0.1070 	0.1070 	0.0000 	0.0000 	0.0000 	0.0050 	0.0070 	0.0000 	0.0000 	0.0000 	0.0000 	0.0000 	0.0000 	0.0000 	0.0790 	0.0843 	0.2952 	0.1266 	0.0048 	0.0000 	0.0000 	0.0000 	0.0000 	0.0000 	0.0000 	0.0000 	0.0000 	0.0000 	0.0000 	0.0000 	0.0000 	0.0000 	0.0000 	0.0000 	0.0000 	0.0000 	0.0000 	0.0000 	0.0000 	0.0000 	0.0000 	0.0000 	0.0000 	0.0000 	0.0000 	0.0000 	0.0000 	0.0000 	0.0000 
0.0000 	0.0000 	0.0000 	0.0000 	0.0000 	0.0000 	0.0000 	0.0000 	0.0000 	0.0000 	0.0180 	0.0110 	0.0820 	0.1430 	0.0090 	0.1540 	0.0090 	0.0000 	0.0020 	0.0000 	0.0000 	0.0000 	0.0000 	0.0000 	0.0090 	0.0110 	0.0000 	0.0000 	0.0000 	0.0570 	0.2860 	0.1332 	0.2715 	0.1374 	0.0000 	0.0000 	0.0000 	0.0000 	0.0000 	0.0000 	0.0000 	0.0000 	0.0000 	0.0000 	0.0000 	0.0000 	0.0000 	0.0000 	0.0000 	0.0000 	0.0000 	0.0000 	0.0000 	0.0000 	0.0000 	0.0000 	0.0000 	0.0000 	0.0000 	0.0000 	0.0000 	0.0000 	0.0000 	0.0000 
0.0000 	0.0000 	0.0000 	0.0000 	0.0000 	0.0000 	0.0000 	0.0000 	0.0000 	0.0000 	0.0000 	0.0110 	0.0000 	0.3420 	0.2180 	0.0320 	0.0230 	0.0000 	0.0090 	0.0000 	0.0000 	0.0000 	0.0000 	0.0000 	0.0540 	0.0000 	0.0000 	0.0000 	0.0000 	0.0000 	0.0250 	0.3270 	0.1686 	0.2727 	0.1062 	0.0000 	0.0000 	0.0000 	0.0000 	0.0000 	0.0000 	0.0000 	0.0000 	0.0000 	0.0000 	0.0000 	0.0000 	0.0000 	0.0000 	0.0000 	0.0000 	0.0000 	0.0000 	0.0000 	0.0000 	0.0000 	0.0000 	0.0000 	0.0000 	0.0000 	0.0000 	0.0000 	0.0000 	0.0000 
0.0000 	0.0000 	0.0000 	0.0000 	0.0000 	0.0000 	0.0000 	0.0000 	0.0000 	0.0000 	0.0000 	0.0070 	0.0340 	0.0450 	0.4330 	0.0860 	0.0000 	0.0000 	0.0000 	0.0000 	0.0000 	0.0000 	0.0020 	0.0050 	0.0140 	0.0340 	0.0000 	0.0050 	0.0000 	0.0000 	0.0000 	0.0950 	0.1430 	0.1368 	0.2523 	0.0681 	0.0000 	0.0000 	0.0000 	0.0000 	0.0000 	0.0000 	0.0000 	0.0000 	0.0000 	0.0000 	0.0000 	0.0000 	0.0000 	0.0000 	0.0000 	0.0000 	0.0000 	0.0000 	0.0000 	0.0000 	0.0000 	0.0000 	0.0000 	0.0000 	0.0000 	0.0000 	0.0000 	0.0000 
0.0000 	0.0000 	0.0000 	0.0000 	0.0000 	0.0000 	0.0000 	0.0000 	0.0000 	0.0000 	0.0000 	0.0000 	0.0000 	0.0070 	0.0430 	0.1410 	0.0980 	0.0000 	0.0000 	0.0000 	0.0000 	0.0000 	0.0000 	0.0110 	0.0000 	0.0000 	0.0000 	0.0020 	0.0050 	0.0270 	0.0000 	0.0000 	0.1380 	0.1410 	0.2340 	0.2430 	0.0060 	0.0000 	0.0000 	0.0000 	0.0000 	0.0000 	0.0000 	0.0000 	0.0000 	0.0000 	0.0000 	0.0000 	0.0000 	0.0000 	0.0000 	0.0000 	0.0000 	0.0000 	0.0000 	0.0000 	0.0000 	0.0000 	0.0000 	0.0000 	0.0000 	0.0000 	0.0000 	0.0000 
0.0000 	0.0000 	0.0000 	0.0000 	0.0000 	0.0000 	0.0000 	0.0000 	0.0000 	0.0000 	0.0000 	0.0000 	0.0000 	0.0000 	0.0090 	0.1930 	0.2930 	0.0200 	0.0000 	0.0000 	0.0070 	0.0050 	0.0000 	0.0180 	0.0070 	0.0090 	0.0270 	0.0700 	0.0000 	0.0070 	0.0000 	0.0000 	0.0000 	0.1020 	0.3360 	0.2769 	0.1230 	0.0054 	0.0000 	0.0000 	0.0000 	0.0000 	0.0000 	0.0000 	0.0000 	0.0000 	0.0000 	0.0000 	0.0000 	0.0000 	0.0000 	0.0000 	0.0000 	0.0000 	0.0000 	0.0000 	0.0000 	0.0000 	0.0000 	0.0000 	0.0000 	0.0000 	0.0000 	0.0000 
0.0000 	0.0000 	0.0000 	0.0000 	0.0000 	0.0000 	0.0000 	0.0000 	0.0000 	0.0000 	0.0000 	0.0000 	0.0000 	0.0000 	0.0000 	0.0160 	0.0930 	0.1200 	0.2770 	0.0000 	0.0000 	0.0020 	0.0070 	0.0000 	0.0250 	0.0250 	0.0590 	0.1430 	0.2150 	0.1180 	0.1470 	0.0000 	0.0000 	0.0000 	0.2000 	0.5150 	0.2721 	0.0525 	0.0000 	0.0000 	0.0000 	0.0000 	0.0000 	0.0000 	0.0000 	0.0000 	0.0000 	0.0000 	0.0000 	0.0000 	0.0000 	0.0000 	0.0000 	0.0000 	0.0000 	0.0000 	0.0000 	0.0000 	0.0000 	0.0000 	0.0000 	0.0000 	0.0000 	0.0000 
0.0000 	0.0000 	0.0000 	0.0000 	0.0000 	0.0000 	0.0000 	0.0000 	0.0000 	0.0000 	0.0000 	0.0000 	0.0000 	0.0000 	0.0000 	0.0000 	0.0770 	0.2020 	0.4260 	0.0360 	0.0000 	0.0000 	0.0000 	0.0000 	0.0250 	0.0450 	0.0340 	0.0840 	0.0910 	0.1110 	0.3630 	0.0000 	0.0000 	0.0000 	0.0980 	0.2380 	0.7120 	0.2061 	0.0246 	0.0000 	0.0000 	0.0000 	0.0000 	0.0000 	0.0000 	0.0000 	0.0000 	0.0000 	0.0000 	0.0000 	0.0000 	0.0000 	0.0000 	0.0000 	0.0000 	0.0000 	0.0000 	0.0000 	0.0000 	0.0000 	0.0000 	0.0000 	0.0000 	0.0000 
0.0000 	0.0000 	0.0000 	0.0000 	0.0000 	0.0000 	0.0000 	0.0000 	0.0000 	0.0000 	0.0000 	0.0000 	0.0000 	0.0000 	0.0000 	0.0000 	0.0950 	0.1700 	0.0750 	0.1090 	0.0430 	0.0160 	0.0000 	0.0000 	0.0520 	0.0250 	0.0430 	0.0500 	0.0930 	0.1680 	0.1950 	0.0090 	0.0000 	0.0000 	0.0000 	0.0570 	0.1630 	0.7370 	0.1497 	0.0300 	0.0000 	0.0000 	0.0000 	0.0000 	0.0000 	0.0000 	0.0000 	0.0000 	0.0000 	0.0000 	0.0000 	0.0000 	0.0000 	0.0000 	0.0000 	0.0000 	0.0000 	0.0000 	0.0000 	0.0000 	0.0000 	0.0000 	0.0000 	0.0000 
0.0000 	0.0000 	0.0000 	0.0000 	0.0000 	0.0000 	0.0000 	0.0000 	0.0000 	0.0000 	0.0000 	0.0000 	0.0000 	0.0000 	0.0000 	0.0000 	0.0340 	0.0020 	0.0610 	0.1040 	0.5740 	0.2720 	0.0050 	0.0000 	0.0160 	0.0090 	0.0820 	0.1070 	0.1180 	0.0910 	0.0020 	0.0000 	0.0000 	0.0000 	0.0000 	0.0000 	0.0320 	0.4100 	0.9460 	0.0879 	0.0000 	0.0015 	0.0000 	0.0000 	0.0000 	0.0000 	0.0000 	0.0000 	0.0000 	0.0000 	0.0000 	0.0000 	0.0000 	0.0000 	0.0000 	0.0000 	0.0000 	0.0000 	0.0000 	0.0000 	0.0000 	0.0000 	0.0000 	0.0000 
0.0000 	0.0000 	0.0000 	0.0000 	0.0000 	0.0000 	0.0000 	0.0000 	0.0000 	0.0000 	0.0000 	0.0000 	0.0000 	0.0000 	0.0000 	0.0000 	0.0180 	0.0750 	0.0700 	0.1020 	0.3040 	0.3400 	0.2360 	0.3880 	0.1840 	0.0430 	0.1560 	0.0390 	0.0590 	0.0000 	0.0000 	0.0000 	0.0000 	0.0000 	0.0000 	0.0000 	0.0270 	0.0450 	0.7410 	0.1884 	0.0006 	0.0000 	0.0000 	0.0000 	0.0000 	0.0000 	0.0000 	0.0000 	0.0000 	0.0000 	0.0000 	0.0000 	0.0000 	0.0000 	0.0000 	0.0000 	0.0000 	0.0000 	0.0000 	0.0000 	0.0000 	0.0000 	0.0000 	0.0000 
0.0000 	0.0000 	0.0000 	0.0000 	0.0000 	0.0000 	0.0000 	0.0000 	0.0000 	0.0000 	0.0000 	0.0000 	0.0000 	0.0000 	0.0000 	0.0020 	0.0050 	0.1680 	0.0110 	0.0200 	0.0450 	0.0910 	0.2040 	0.1700 	0.0250 	0.2880 	0.0230 	0.0390 	0.0700 	0.0110 	0.0000 	0.0000 	0.0000 	0.0000 	0.0000 	0.0000 	0.0000 	0.1750 	0.2610 	0.8280 	0.0729 	0.0000 	0.0015 	0.0000 	0.0000 	0.0000 	0.0000 	0.0000 	0.0000 	0.0000 	0.0000 	0.0000 	0.0000 	0.0000 	0.0000 	0.0000 	0.0000 	0.0000 	0.0000 	0.0000 	0.0000 	0.0000 	0.0000 	0.0000 
0.0000 	0.0000 	0.0000 	0.0000 	0.0000 	0.0000 	0.0000 	0.0000 	0.0000 	0.0000 	0.0000 	0.0000 	0.0000 	0.0000 	0.0000 	0.0000 	0.0630 	0.0930 	0.1220 	0.0790 	0.0290 	0.2900 	0.0430 	0.0000 	0.0140 	0.0110 	0.0000 	0.0520 	0.0340 	0.2040 	0.0880 	0.0000 	0.0000 	0.0000 	0.0000 	0.0000 	0.0000 	0.3020 	0.0680 	0.9020 	0.0831 	0.0000 	0.0000 	0.0000 	0.0000 	0.0000 	0.0000 	0.0000 	0.0000 	0.0000 	0.0000 	0.0000 	0.0000 	0.0000 	0.0000 	0.0000 	0.0000 	0.0000 	0.0000 	0.0000 	0.0000 	0.0000 	0.0000 	0.0000 
0.0000 	0.0000 	0.0000 	0.0000 	0.0000 	0.0000 	0.0000 	0.0000 	0.0000 	0.0000 	0.0000 	0.0000 	0.0000 	0.0000 	0.0000 	0.0000 	0.0570 	0.0340 	0.1090 	0.0840 	0.2310 	0.0610 	0.0090 	0.0000 	0.0000 	0.0000 	0.0070 	0.0610 	0.2310 	0.2310 	0.2020 	0.0000 	0.0000 	0.0000 	0.0000 	0.0000 	0.0000 	0.2520 	0.1110 	0.7800 	0.1266 	0.0042 	0.0000 	0.0000 	0.0000 	0.0000 	0.0000 	0.0000 	0.0000 	0.0000 	0.0000 	0.0000 	0.0000 	0.0000 	0.0000 	0.0000 	0.0000 	0.0000 	0.0000 	0.0000 	0.0000 	0.0000 	0.0000 	0.0000 
0.0000 	0.0000 	0.0000 	0.0000 	0.0000 	0.0000 	0.0000 	0.0000 	0.0000 	0.0000 	0.0000 	0.0000 	0.0000 	0.0000 	0.0000 	0.0000 	0.0790 	0.0500 	0.0070 	0.0000 	0.1000 	0.6170 	0.4040 	0.0840 	0.0050 	0.0410 	0.1340 	0.0160 	0.0410 	0.0820 	0.1750 	0.0520 	0.0000 	0.0000 	0.0000 	0.0000 	0.0000 	0.0540 	0.2490 	0.5740 	0.1638 	0.0183 	0.0000 	0.0000 	0.0000 	0.0000 	0.0000 	0.0000 	0.0000 	0.0000 	0.0000 	0.0000 	0.0000 	0.0000 	0.0000 	0.0000 	0.0000 	0.0000 	0.0000 	0.0000 	0.0000 	0.0000 	0.0000 	0.0000 
0.0000 	0.0000 	0.0000 	0.0000 	0.0000 	0.0000 	0.0000 	0.0000 	0.0000 	0.0000 	0.0000 	0.0000 	0.0000 	0.0000 	0.0000 	0.0000 	0.0070 	0.0750 	0.0520 	0.0000 	0.0540 	0.4850 	0.6170 	0.4720 	0.3040 	0.0180 	0.0270 	0.0700 	0.1930 	0.1000 	0.2450 	0.0090 	0.0000 	0.0000 	0.0000 	0.0000 	0.0000 	0.0070 	0.1930 	0.5690 	0.1797 	0.0156 	0.0000 	0.0000 	0.0000 	0.0000 	0.0000 	0.0000 	0.0000 	0.0000 	0.0000 	0.0000 	0.0000 	0.0000 	0.0000 	0.0000 	0.0000 	0.0000 	0.0000 	0.0000 	0.0000 	0.0000 	0.0000 	0.0000 
0.0000 	0.0000 	0.0000 	0.0000 	0.0000 	0.0000 	0.0000 	0.0000 	0.0000 	0.0000 	0.0000 	0.0000 	0.0000 	0.0000 	0.0000 	0.0000 	0.0000 	0.0290 	0.1250 	0.0980 	0.0630 	0.1880 	0.2040 	0.0090 	0.0980 	0.0230 	0.0180 	0.3110 	0.0860 	0.0570 	0.1750 	0.0410 	0.0000 	0.0000 	0.0000 	0.0000 	0.0000 	0.0390 	0.1770 	0.7530 	0.1851 	0.0081 	0.0000 	0.0000 	0.0000 	0.0000 	0.0000 	0.0000 	0.0000 	0.0000 	0.0000 	0.0000 	0.0000 	0.0000 	0.0000 	0.0000 	0.0000 	0.0000 	0.0000 	0.0000 	0.0000 	0.0000 	0.0000 	0.0000 
0.0000 	0.0000 	0.0000 	0.0000 	0.0000 	0.0000 	0.0000 	0.0000 	0.0000 	0.0000 	0.0000 	0.0000 	0.0000 	0.0000 	0.0000 	0.0000 	0.0000 	0.0140 	0.0450 	0.1160 	0.1610 	0.0180 	0.0090 	0.0180 	0.0000 	0.0000 	0.0660 	0.1660 	0.1790 	0.3110 	0.2970 	0.0050 	0.0000 	0.0000 	0.0000 	0.0000 	0.0000 	0.1970 	0.0980 	0.8320 	0.2082 	0.0000 	0.0000 	0.0000 	0.0000 	0.0000 	0.0000 	0.0000 	0.0000 	0.0000 	0.0000 	0.0000 	0.0000 	0.0000 	0.0000 	0.0000 	0.0000 	0.0000 	0.0000 	0.0000 	0.0000 	0.0000 	0.0000 	0.0000 
0.0000 	0.0000 	0.0000 	0.0000 	0.0000 	0.0000 	0.0000 	0.0000 	0.0000 	0.0000 	0.0000 	0.0000 	0.0000 	0.0000 	0.0000 	0.0000 	0.0000 	0.0570 	0.0340 	0.0160 	0.0480 	0.0070 	0.0000 	0.0000 	0.0000 	0.1790 	0.2540 	0.4010 	0.1410 	0.2680 	0.3740 	0.0050 	0.0000 	0.0000 	0.0000 	0.0000 	0.0000 	0.3420 	0.1430 	0.9590 	0.0849 	0.0000 	0.0000 	0.0000 	0.0000 	0.0000 	0.0000 	0.0000 	0.0000 	0.0000 	0.0000 	0.0000 	0.0000 	0.0000 	0.0000 	0.0000 	0.0000 	0.0000 	0.0000 	0.0000 	0.0000 	0.0000 	0.0000 	0.0000 
0.0000 	0.0000 	0.0000 	0.0000 	0.0000 	0.0000 	0.0000 	0.0000 	0.0000 	0.0000 	0.0000 	0.0000 	0.0000 	0.0000 	0.0000 	0.0000 	0.0000 	0.0000 	0.0070 	0.0090 	0.0000 	0.1410 	0.0340 	0.0500 	0.0110 	0.0000 	0.0360 	0.1270 	0.0270 	0.1660 	0.1430 	0.0000 	0.0000 	0.0000 	0.0000 	0.0000 	0.1410 	0.2270 	0.6530 	0.2592 	0.0408 	0.0000 	0.0000 	0.0000 	0.0000 	0.0000 	0.0000 	0.0000 	0.0000 	0.0000 	0.0000 	0.0000 	0.0000 	0.0000 	0.0000 	0.0000 	0.0000 	0.0000 	0.0000 	0.0000 	0.0000 	0.0000 	0.0000 	0.0000 
0.0000 	0.0000 	0.0000 	0.0000 	0.0000 	0.0000 	0.0000 	0.0000 	0.0000 	0.0000 	0.0000 	0.0000 	0.0000 	0.0000 	0.0000 	0.0000 	0.0000 	0.0000 	0.0000 	0.0000 	0.0590 	0.1070 	0.0570 	0.0700 	0.0050 	0.0000 	0.0140 	0.0410 	0.1810 	0.3040 	0.0950 	0.0160 	0.0000 	0.0000 	0.0000 	0.0000 	0.0140 	0.0700 	0.9050 	0.1566 	0.0000 	0.0000 	0.0000 	0.0000 	0.0000 	0.0000 	0.0000 	0.0000 	0.0000 	0.0000 	0.0000 	0.0000 	0.0000 	0.0000 	0.0000 	0.0000 	0.0000 	0.0000 	0.0000 	0.0000 	0.0000 	0.0000 	0.0000 	0.0000 
0.0000 	0.0000 	0.0000 	0.0000 	0.0000 	0.0000 	0.0000 	0.0000 	0.0000 	0.0000 	0.0000 	0.0000 	0.0000 	0.0000 	0.0000 	0.0000 	0.0000 	0.0000 	0.0000 	0.0020 	0.0430 	0.0520 	0.0590 	0.0250 	0.0930 	0.0270 	0.2810 	0.2630 	0.0000 	0.0590 	0.0840 	0.0020 	0.0000 	0.0000 	0.0000 	0.0160 	0.1250 	0.7210 	0.2373 	0.0681 	0.0000 	0.0000 	0.0000 	0.0000 	0.0000 	0.0000 	0.0000 	0.0000 	0.0000 	0.0000 	0.0000 	0.0000 	0.0000 	0.0000 	0.0000 	0.0000 	0.0000 	0.0000 	0.0000 	0.0000 	0.0000 	0.0000 	0.0000 	0.0000 
0.0000 	0.0000 	0.0000 	0.0000 	0.0000 	0.0000 	0.0000 	0.0000 	0.0000 	0.0000 	0.0000 	0.0000 	0.0000 	0.0000 	0.0000 	0.0000 	0.0000 	0.0000 	0.0000 	0.0000 	0.0390 	0.0450 	0.0360 	0.0290 	0.0250 	0.0320 	0.1360 	0.1560 	0.0950 	0.1200 	0.1250 	0.0000 	0.0000 	0.0000 	0.0070 	0.1110 	0.8870 	0.4990 	0.0693 	0.0000 	0.0000 	0.0000 	0.0000 	0.0000 	0.0000 	0.0000 	0.0000 	0.0000 	0.0000 	0.0000 	0.0000 	0.0000 	0.0000 	0.0000 	0.0000 	0.0000 	0.0000 	0.0000 	0.0000 	0.0000 	0.0000 	0.0000 	0.0000 	0.0000 
0.0000 	0.0000 	0.0000 	0.0000 	0.0000 	0.0000 	0.0000 	0.0000 	0.0000 	0.0000 	0.0000 	0.0000 	0.0000 	0.0000 	0.0000 	0.0000 	0.0000 	0.0000 	0.0000 	0.0000 	0.1020 	0.0340 	0.0540 	0.0230 	0.0050 	0.0090 	0.0140 	0.0250 	0.0000 	0.0020 	0.0000 	0.0000 	0.0070 	0.0000 	0.0520 	0.6460 	0.4920 	0.0294 	0.0000 	0.0000 	0.0000 	0.0000 	0.0000 	0.0000 	0.0000 	0.0000 	0.0000 	0.0000 	0.0000 	0.0000 	0.0000 	0.0000 	0.0000 	0.0000 	0.0000 	0.0000 	0.0000 	0.0000 	0.0000 	0.0000 	0.0000 	0.0000 	0.0000 	0.0000 
0.0000 	0.0000 	0.0000 	0.0000 	0.0000 	0.0000 	0.0000 	0.0000 	0.0000 	0.0000 	0.0000 	0.0000 	0.0000 	0.0000 	0.0000 	0.0000 	0.0000 	0.0000 	0.0000 	0.0020 	0.0450 	0.0770 	0.0910 	0.0320 	0.0450 	0.0000 	0.0840 	0.0070 	0.0230 	0.0340 	0.0000 	0.0090 	0.0000 	0.0500 	0.4420 	0.6640 	0.3200 	0.0210 	0.0000 	0.0000 	0.0000 	0.0000 	0.0000 	0.0000 	0.0000 	0.0000 	0.0000 	0.0000 	0.0000 	0.0000 	0.0000 	0.0000 	0.0000 	0.0000 	0.0000 	0.0000 	0.0000 	0.0000 	0.0000 	0.0000 	0.0000 	0.0000 	0.0000 	0.0000 
0.0000 	0.0000 	0.0000 	0.0000 	0.0000 	0.0000 	0.0000 	0.0000 	0.0000 	0.0000 	0.0000 	0.0000 	0.0000 	0.0000 	0.0000 	0.0000 	0.0000 	0.0000 	0.0000 	0.0000 	0.0000 	0.0410 	0.0410 	0.0520 	0.0820 	0.0160 	0.0520 	0.0770 	0.1790 	0.0320 	0.0000 	0.0480 	0.0000 	0.0020 	0.3200 	0.7070 	0.0951 	0.0000 	0.0000 	0.0000 	0.0000 	0.0000 	0.0000 	0.0000 	0.0000 	0.0000 	0.0000 	0.0000 	0.0000 	0.0000 	0.0000 	0.0000 	0.0000 	0.0000 	0.0000 	0.0000 	0.0000 	0.0000 	0.0000 	0.0000 	0.0000 	0.0000 	0.0000 	0.0000 
0.0000 	0.0000 	0.0000 	0.0000 	0.0000 	0.0000 	0.0000 	0.0000 	0.0000 	0.0000 	0.0000 	0.0000 	0.0000 	0.0000 	0.0000 	0.0000 	0.0000 	0.0000 	0.0000 	0.0000 	0.0000 	0.0230 	0.1000 	0.0180 	0.0000 	0.0090 	0.0070 	0.0320 	0.0070 	0.0660 	0.0430 	0.0000 	0.0000 	0.0000 	0.1660 	0.6190 	0.1980 	0.0069 	0.0000 	0.0000 	0.0000 	0.0000 	0.0000 	0.0000 	0.0000 	0.0000 	0.0000 	0.0000 	0.0000 	0.0000 	0.0000 	0.0000 	0.0000 	0.0000 	0.0000 	0.0000 	0.0000 	0.0000 	0.0000 	0.0000 	0.0000 	0.0000 	0.0000 	0.0000 
0.0000 	0.0000 	0.0000 	0.0000 	0.0000 	0.0000 	0.0000 	0.0000 	0.0000 	0.0000 	0.0000 	0.0000 	0.0000 	0.0000 	0.0000 	0.0000 	0.0000 	0.0000 	0.0000 	0.0000 	0.0000 	0.0230 	0.0930 	0.0200 	0.0790 	0.0090 	0.0070 	0.0630 	0.1110 	0.0340 	0.0020 	0.0000 	0.0000 	0.0000 	0.1220 	0.4420 	0.1668 	0.0102 	0.0000 	0.0000 	0.0000 	0.0000 	0.0000 	0.0000 	0.0000 	0.0000 	0.0000 	0.0000 	0.0000 	0.0000 	0.0000 	0.0000 	0.0000 	0.0000 	0.0000 	0.0000 	0.0000 	0.0000 	0.0000 	0.0000 	0.0000 	0.0000 	0.0000 	0.0000 
0.0000 	0.0000 	0.0000 	0.0000 	0.0000 	0.0000 	0.0000 	0.0000 	0.0000 	0.0000 	0.0000 	0.0000 	0.0000 	0.0000 	0.0000 	0.0000 	0.0000 	0.0000 	0.0000 	0.0000 	0.0000 	0.0250 	0.0660 	0.0200 	0.0790 	0.0000 	0.0000 	0.1430 	0.0860 	0.0000 	0.0000 	0.0000 	0.0000 	0.0000 	0.1520 	0.3020 	0.5740 	0.0414 	0.0000 	0.0000 	0.0000 	0.0000 	0.0000 	0.0000 	0.0000 	0.0000 	0.0000 	0.0000 	0.0000 	0.0000 	0.0000 	0.0000 	0.0000 	0.0000 	0.0000 	0.0000 	0.0000 	0.0000 	0.0000 	0.0000 	0.0000 	0.0000 	0.0000 	0.0000 
0.0000 	0.0000 	0.0000 	0.0000 	0.0000 	0.0000 	0.0000 	0.0000 	0.0000 	0.0000 	0.0000 	0.0000 	0.0000 	0.0000 	0.0000 	0.0000 	0.0000 	0.0000 	0.0000 	0.0000 	0.0000 	0.0000 	0.0660 	0.0320 	0.0410 	0.0200 	0.0000 	0.0320 	0.1410 	0.1270 	0.0540 	0.0000 	0.0000 	0.0000 	0.1410 	0.1720 	0.2328 	0.0756 	0.0000 	0.0000 	0.0000 	0.0000 	0.0000 	0.0000 	0.0000 	0.0000 	0.0000 	0.0000 	0.0000 	0.0000 	0.0000 	0.0000 	0.0000 	0.0000 	0.0000 	0.0000 	0.0000 	0.0000 	0.0000 	0.0000 	0.0000 	0.0000 	0.0000 	0.0000 
0.0000 	0.0000 	0.0000 	0.0000 	0.0000 	0.0000 	0.0000 	0.0000 	0.0000 	0.0000 	0.0000 	0.0000 	0.0000 	0.0000 	0.0000 	0.0000 	0.0000 	0.0000 	0.0000 	0.0000 	0.0000 	0.0000 	0.1040 	0.0050 	0.0450 	0.0200 	0.0230 	0.0500 	0.1040 	0.2130 	0.0160 	0.0050 	0.0000 	0.0000 	0.2650 	0.1770 	0.9520 	0.0870 	0.0033 	0.0000 	0.0000 	0.0000 	0.0000 	0.0000 	0.0000 	0.0000 	0.0000 	0.0000 	0.0000 	0.0000 	0.0000 	0.0000 	0.0000 	0.0000 	0.0000 	0.0000 	0.0000 	0.0000 	0.0000 	0.0000 	0.0000 	0.0000 	0.0000 	0.0000 
0.0000 	0.0000 	0.0000 	0.0000 	0.0000 	0.0000 	0.0000 	0.0000 	0.0000 	0.0000 	0.0000 	0.0000 	0.0000 	0.0000 	0.0000 	0.0000 	0.0000 	0.0000 	0.0000 	0.0000 	0.0000 	0.0020 	0.0480 	0.0270 	0.0230 	0.0680 	0.0410 	0.0750 	0.1700 	0.2040 	0.0000 	0.0000 	0.0000 	0.0000 	0.0660 	0.0160 	0.7620 	0.1110 	0.0042 	0.0000 	0.0000 	0.0000 	0.0000 	0.0000 	0.0000 	0.0000 	0.0000 	0.0000 	0.0000 	0.0000 	0.0000 	0.0000 	0.0000 	0.0000 	0.0000 	0.0000 	0.0000 	0.0000 	0.0000 	0.0000 	0.0000 	0.0000 	0.0000 	0.0000 
0.0000 	0.0000 	0.0000 	0.0000 	0.0000 	0.0000 	0.0000 	0.0000 	0.0000 	0.0000 	0.0000 	0.0000 	0.0000 	0.0000 	0.0000 	0.0000 	0.0000 	0.0000 	0.0000 	0.0000 	0.0000 	0.0000 	0.0270 	0.0570 	0.0880 	0.0480 	0.0140 	0.1660 	0.2560 	0.0700 	0.0020 	0.0000 	0.0000 	0.0000 	0.0000 	0.0410 	0.7620 	0.1116 	0.0042 	0.0000 	0.0000 	0.0000 	0.0000 	0.0000 	0.0000 	0.0000 	0.0000 	0.0000 	0.0000 	0.0000 	0.0000 	0.0000 	0.0000 	0.0000 	0.0000 	0.0000 	0.0000 	0.0000 	0.0000 	0.0000 	0.0000 	0.0000 	0.0000 	0.0000 
0.0000 	0.0000 	0.0000 	0.0000 	0.0000 	0.0000 	0.0000 	0.0000 	0.0000 	0.0000 	0.0000 	0.0000 	0.0000 	0.0000 	0.0000 	0.0000 	0.0000 	0.0000 	0.0000 	0.0000 	0.0000 	0.0590 	0.0680 	0.0630 	0.0610 	0.0660 	0.0050 	0.0340 	0.1090 	0.1320 	0.1270 	0.0000 	0.0000 	0.0000 	0.0000 	0.0930 	0.4040 	0.5780 	0.0015 	0.0000 	0.0000 	0.0000 	0.0000 	0.0000 	0.0000 	0.0000 	0.0000 	0.0000 	0.0000 	0.0000 	0.0000 	0.0000 	0.0000 	0.0000 	0.0000 	0.0000 	0.0000 	0.0000 	0.0000 	0.0000 	0.0000 	0.0000 	0.0000 	0.0000 
0.0000 	0.0000 	0.0000 	0.0000 	0.0000 	0.0000 	0.0000 	0.0000 	0.0000 	0.0000 	0.0000 	0.0000 	0.0000 	0.0000 	0.0000 	0.0000 	0.0000 	0.0000 	0.0000 	0.0000 	0.0200 	0.0200 	0.0610 	0.0820 	0.0680 	0.0070 	0.0140 	0.0410 	0.4380 	0.2270 	0.1130 	0.0000 	0.0000 	0.0000 	0.0000 	0.0730 	0.1200 	0.8120 	0.0525 	0.0000 	0.0000 	0.0000 	0.0000 	0.0000 	0.0000 	0.0000 	0.0000 	0.0000 	0.0000 	0.0000 	0.0000 	0.0000 	0.0000 	0.0000 	0.0000 	0.0000 	0.0000 	0.0000 	0.0000 	0.0000 	0.0000 	0.0000 	0.0000 	0.0000 
0.0000 	0.0000 	0.0000 	0.0000 	0.0000 	0.0000 	0.0000 	0.0000 	0.0000 	0.0000 	0.0000 	0.0000 	0.0000 	0.0000 	0.0000 	0.0000 	0.0000 	0.0000 	0.0000 	0.0000 	0.0140 	0.0160 	0.0390 	0.0540 	0.0790 	0.0320 	0.0200 	0.0700 	0.2430 	0.3290 	0.1220 	0.0000 	0.0070 	0.0000 	0.0000 	0.0020 	0.0340 	0.6530 	0.1992 	0.0060 	0.0000 	0.0000 	0.0000 	0.0000 	0.0000 	0.0000 	0.0000 	0.0000 	0.0000 	0.0000 	0.0000 	0.0000 	0.0000 	0.0000 	0.0000 	0.0000 	0.0000 	0.0000 	0.0000 	0.0000 	0.0000 	0.0000 	0.0000 	0.0000 
0.0000 	0.0000 	0.0000 	0.0000 	0.0000 	0.0000 	0.0000 	0.0000 	0.0000 	0.0000 	0.0000 	0.0000 	0.0000 	0.0000 	0.0000 	0.0000 	0.0000 	0.0000 	0.0000 	0.0000 	0.0070 	0.0180 	0.0160 	0.0020 	0.0480 	0.0480 	0.0090 	0.0180 	0.1130 	0.3720 	0.2200 	0.0000 	0.0070 	0.0000 	0.0000 	0.0000 	0.0750 	0.3220 	0.2619 	0.0477 	0.0000 	0.0000 	0.0000 	0.0000 	0.0000 	0.0000 	0.0000 	0.0000 	0.0000 	0.0000 	0.0000 	0.0000 	0.0000 	0.0000 	0.0000 	0.0000 	0.0000 	0.0000 	0.0000 	0.0000 	0.0000 	0.0000 	0.0000 	0.0000 
0.0000 	0.0000 	0.0000 	0.0000 	0.0000 	0.0000 	0.0000 	0.0000 	0.0000 	0.0000 	0.0000 	0.0000 	0.0000 	0.0000 	0.0000 	0.0000 	0.0000 	0.0000 	0.0000 	0.0000 	0.0110 	0.0250 	0.0430 	0.0250 	0.0200 	0.0250 	0.0070 	0.0360 	0.0110 	0.2810 	0.5120 	0.0160 	0.0070 	0.0070 	0.0000 	0.0000 	0.1020 	0.2450 	0.9520 	0.1545 	0.0006 	0.0000 	0.0000 	0.0000 	0.0000 	0.0000 	0.0000 	0.0000 	0.0000 	0.0000 	0.0000 	0.0000 	0.0000 	0.0000 	0.0000 	0.0000 	0.0000 	0.0000 	0.0000 	0.0000 	0.0000 	0.0000 	0.0000 	0.0000 
0.0000 	0.0000 	0.0000 	0.0000 	0.0000 	0.0000 	0.0000 	0.0000 	0.0000 	0.0000 	0.0000 	0.0000 	0.0000 	0.0000 	0.0000 	0.0000 	0.0000 	0.0000 	0.0000 	0.0000 	0.0250 	0.0430 	0.0390 	0.1000 	0.0450 	0.0750 	0.0140 	0.0520 	0.0230 	0.0610 	0.2020 	0.0000 	0.0000 	0.0360 	0.0000 	0.0000 	0.0250 	0.1810 	0.9300 	0.0633 	0.0000 	0.0000 	0.0000 	0.0000 	0.0000 	0.0000 	0.0000 	0.0000 	0.0000 	0.0000 	0.0000 	0.0000 	0.0000 	0.0000 	0.0000 	0.0000 	0.0000 	0.0000 	0.0000 	0.0000 	0.0000 	0.0000 	0.0000 	0.0000 
0.0000 	0.0000 	0.0000 	0.0000 	0.0000 	0.0000 	0.0000 	0.0000 	0.0000 	0.0000 	0.0000 	0.0000 	0.0000 	0.0000 	0.0000 	0.0000 	0.0000 	0.0000 	0.0000 	0.0000 	0.0250 	0.0950 	0.1070 	0.1540 	0.0270 	0.0160 	0.0070 	0.0540 	0.0770 	0.0290 	0.0000 	0.0000 	0.0020 	0.0000 	0.0000 	0.0000 	0.0590 	0.1770 	0.9120 	0.1020 	0.0000 	0.0000 	0.0000 	0.0000 	0.0000 	0.0000 	0.0000 	0.0000 	0.0000 	0.0000 	0.0000 	0.0000 	0.0000 	0.0000 	0.0000 	0.0000 	0.0000 	0.0000 	0.0000 	0.0000 	0.0000 	0.0000 	0.0000 	0.0000 
0.0000 	0.0000 	0.0000 	0.0000 	0.0000 	0.0000 	0.0000 	0.0000 	0.0000 	0.0000 	0.0000 	0.0000 	0.0000 	0.0000 	0.0000 	0.0000 	0.0000 	0.0000 	0.0000 	0.0000 	0.0360 	0.0570 	0.0790 	0.0840 	0.0410 	0.0090 	0.0000 	0.0160 	0.0000 	0.1290 	0.0000 	0.0090 	0.0000 	0.0000 	0.0000 	0.0000 	0.0000 	0.1290 	0.6370 	0.2232 	0.0273 	0.0027 	0.0000 	0.0000 	0.0000 	0.0000 	0.0000 	0.0000 	0.0000 	0.0000 	0.0000 	0.0000 	0.0000 	0.0000 	0.0000 	0.0000 	0.0000 	0.0000 	0.0000 	0.0000 	0.0000 	0.0000 	0.0000 	0.0000 
0.0000 	0.0000 	0.0000 	0.0000 	0.0000 	0.0000 	0.0000 	0.0000 	0.0000 	0.0000 	0.0000 	0.0000 	0.0000 	0.0000 	0.0000 	0.0000 	0.0000 	0.0000 	0.0000 	0.0090 	0.0610 	0.1860 	0.1860 	0.0750 	0.1130 	0.0250 	0.0110 	0.0000 	0.0000 	0.0520 	0.0270 	0.0660 	0.0000 	0.0000 	0.0000 	0.0000 	0.0000 	0.0180 	0.2380 	0.2775 	0.0279 	0.0000 	0.0000 	0.0000 	0.0000 	0.0000 	0.0000 	0.0000 	0.0000 	0.0000 	0.0000 	0.0000 	0.0000 	0.0000 	0.0000 	0.0000 	0.0000 	0.0000 	0.0000 	0.0000 	0.0000 	0.0000 	0.0000 	0.0000 
0.0000 	0.0000 	0.0000 	0.0000 	0.0000 	0.0000 	0.0000 	0.0000 	0.0000 	0.0000 	0.0000 	0.0000 	0.0000 	0.0000 	0.0000 	0.0000 	0.0000 	0.0000 	0.0000 	0.0250 	0.0140 	0.0680 	0.0500 	0.0520 	0.0140 	0.0070 	0.0070 	0.0230 	0.0980 	0.1750 	0.0540 	0.0860 	0.0520 	0.0070 	0.0000 	0.0000 	0.0000 	0.0140 	0.1160 	0.3000 	0.2280 	0.0000 	0.0000 	0.0000 	0.0000 	0.0000 	0.0000 	0.0000 	0.0000 	0.0000 	0.0000 	0.0000 	0.0000 	0.0000 	0.0000 	0.0000 	0.0000 	0.0000 	0.0000 	0.0000 	0.0000 	0.0000 	0.0000 	0.0000 
0.0000 	0.0000 	0.0000 	0.0000 	0.0000 	0.0000 	0.0000 	0.0000 	0.0000 	0.0000 	0.0000 	0.0000 	0.0000 	0.0000 	0.0000 	0.0000 	0.0000 	0.0000 	0.0000 	0.0590 	0.0320 	0.0910 	0.0700 	0.0660 	0.0050 	0.0250 	0.0180 	0.0660 	0.0610 	0.4440 	0.3330 	0.1200 	0.0500 	0.0750 	0.0090 	0.0000 	0.0270 	0.2590 	0.0500 	0.2640 	0.2280 	0.0000 	0.0000 	0.0000 	0.0000 	0.0000 	0.0000 	0.0000 	0.0000 	0.0000 	0.0000 	0.0000 	0.0000 	0.0000 	0.0000 	0.0000 	0.0000 	0.0000 	0.0000 	0.0000 	0.0000 	0.0000 	0.0000 	0.0000 
0.0000 	0.0000 	0.0000 	0.0000 	0.0000 	0.0000 	0.0000 	0.0000 	0.0000 	0.0000 	0.0000 	0.0000 	0.0000 	0.0000 	0.0000 	0.0000 	0.0000 	0.0090 	0.0450 	0.0480 	0.0110 	0.0000 	0.0050 	0.0320 	0.0180 	0.0000 	0.0090 	0.0950 	0.2790 	0.4150 	0.3080 	0.1130 	0.0000 	0.0000 	0.0000 	0.0000 	0.1880 	0.1930 	0.2130 	0.2769 	0.1401 	0.0000 	0.0000 	0.0000 	0.0000 	0.0000 	0.0000 	0.0000 	0.0000 	0.0000 	0.0000 	0.0000 	0.0000 	0.0000 	0.0000 	0.0000 	0.0000 	0.0000 	0.0000 	0.0000 	0.0000 	0.0000 	0.0000 	0.0000 
0.0000 	0.0000 	0.0000 	0.0000 	0.0000 	0.0000 	0.0000 	0.0000 	0.0000 	0.0000 	0.0000 	0.0000 	0.0000 	0.0000 	0.0000 	0.0000 	0.0000 	0.0000 	0.0230 	0.0450 	0.0700 	0.0790 	0.0430 	0.0320 	0.0250 	0.0020 	0.0070 	0.0610 	0.1180 	0.5170 	0.2200 	0.0140 	0.0020 	0.0000 	0.0000 	0.0000 	0.3630 	0.3790 	0.4380 	0.2979 	0.0864 	0.0000 	0.0000 	0.0000 	0.0000 	0.0000 	0.0000 	0.0000 	0.0000 	0.0000 	0.0000 	0.0000 	0.0000 	0.0000 	0.0000 	0.0000 	0.0000 	0.0000 	0.0000 	0.0000 	0.0000 	0.0000 	0.0000 	0.0000 
0.0000 	0.0000 	0.0000 	0.0000 	0.0000 	0.0000 	0.0000 	0.0000 	0.0000 	0.0000 	0.0000 	0.0000 	0.0000 	0.0000 	0.0000 	0.0000 	0.0000 	0.0000 	0.0050 	0.0410 	0.0480 	0.0520 	0.0480 	0.0270 	0.0500 	0.0480 	0.0000 	0.0000 	0.0110 	0.5620 	0.4220 	0.0110 	0.0000 	0.0000 	0.0270 	0.2360 	0.3810 	0.5460 	0.2280 	0.2367 	0.0327 	0.0000 	0.0000 	0.0000 	0.0000 	0.0000 	0.0000 	0.0000 	0.0000 	0.0000 	0.0000 	0.0000 	0.0000 	0.0000 	0.0000 	0.0000 	0.0000 	0.0000 	0.0000 	0.0000 	0.0000 	0.0000 	0.0000 	0.0000 
0.0000 	0.0000 	0.0000 	0.0000 	0.0000 	0.0000 	0.0000 	0.0000 	0.0000 	0.0000 	0.0000 	0.0000 	0.0000 	0.0000 	0.0000 	0.0000 	0.0000 	0.0680 	0.0680 	0.0290 	0.0430 	0.0250 	0.0450 	0.0180 	0.0410 	0.0820 	0.0090 	0.0110 	0.0430 	0.0680 	0.3670 	0.2150 	0.0730 	0.0070 	0.1020 	0.4150 	0.2610 	0.7710 	0.2328 	0.1278 	0.0264 	0.0000 	0.0033 	0.0000 	0.0000 	0.0000 	0.0000 	0.0000 	0.0000 	0.0000 	0.0000 	0.0000 	0.0000 	0.0000 	0.0000 	0.0000 	0.0000 	0.0000 	0.0000 	0.0000 	0.0000 	0.0000 	0.0000 	0.0000 
0.0000 	0.0000 	0.0000 	0.0000 	0.0000 	0.0000 	0.0000 	0.0000 	0.0000 	0.0000 	0.0000 	0.0000 	0.0000 	0.0000 	0.0000 	0.0000 	0.0000 	0.0340 	0.1540 	0.0930 	0.0730 	0.0480 	0.0860 	0.0430 	0.0410 	0.0320 	0.0070 	0.3110 	0.2470 	0.4040 	0.2000 	0.2060 	0.4040 	0.4060 	0.6280 	0.3810 	0.8960 	0.2919 	0.2748 	0.1389 	0.0027 	0.0000 	0.0000 	0.0000 	0.0000 	0.0000 	0.0000 	0.0000 	0.0000 	0.0000 	0.0000 	0.0000 	0.0000 	0.0000 	0.0000 	0.0000 	0.0000 	0.0000 	0.0000 	0.0000 	0.0000 	0.0000 	0.0000 	0.0000 
0.0000 	0.0000 	0.0000 	0.0000 	0.0000 	0.0000 	0.0000 	0.0000 	0.0000 	0.0000 	0.0000 	0.0000 	0.0000 	0.0000 	0.0000 	0.0000 	0.0200 	0.0430 	0.1070 	0.1110 	0.1250 	0.0790 	0.0480 	0.0000 	0.0000 	0.1270 	0.1500 	0.4560 	0.0980 	0.0000 	0.0320 	0.0070 	0.0110 	0.0630 	0.3220 	0.8620 	0.9160 	0.2367 	0.2082 	0.0633 	0.0000 	0.0000 	0.0000 	0.0000 	0.0000 	0.0000 	0.0000 	0.0000 	0.0000 	0.0000 	0.0000 	0.0000 	0.0000 	0.0000 	0.0000 	0.0000 	0.0000 	0.0000 	0.0000 	0.0000 	0.0000 	0.0000 	0.0000 	0.0000 
0.0000 	0.0000 	0.0000 	0.0000 	0.0000 	0.0000 	0.0000 	0.0000 	0.0000 	0.0000 	0.0000 	0.0000 	0.0000 	0.0000 	0.0000 	0.0000 	0.0700 	0.3200 	0.0290 	0.1360 	0.0950 	0.0390 	0.0520 	0.0050 	0.0000 	0.0270 	0.0090 	0.1130 	0.0160 	0.0000 	0.0000 	0.0000 	0.0000 	0.0000 	0.1700 	0.5510 	0.6940 	0.3000 	0.1872 	0.0981 	0.0000 	0.0000 	0.0000 	0.0000 	0.0000 	0.0000 	0.0000 	0.0000 	0.0000 	0.0000 	0.0000 	0.0000 	0.0000 	0.0000 	0.0000 	0.0000 	0.0000 	0.0000 	0.0000 	0.0000 	0.0000 	0.0000 	0.0000 	0.0000 
0.0000 	0.0000 	0.0000 	0.0000 	0.0000 	0.0000 	0.0000 	0.0000 	0.0000 	0.0000 	0.0000 	0.0000 	0.0000 	0.0000 	0.0000 	0.0000 	0.0880 	0.3200 	0.0930 	0.0930 	0.0660 	0.0390 	0.0680 	0.0250 	0.0290 	0.0200 	0.0050 	0.0110 	0.0000 	0.0000 	0.0000 	0.0000 	0.0000 	0.0000 	0.0270 	0.2130 	0.5490 	0.9860 	0.1347 	0.1170 	0.0000 	0.0000 	0.0000 	0.0000 	0.0000 	0.0000 	0.0000 	0.0000 	0.0000 	0.0000 	0.0000 	0.0000 	0.0000 	0.0000 	0.0000 	0.0000 	0.0000 	0.0000 	0.0000 	0.0000 	0.0000 	0.0000 	0.0000 	0.0000 
0.0000 	0.0000 	0.0000 	0.0000 	0.0000 	0.0000 	0.0000 	0.0000 	0.0000 	0.0000 	0.0000 	0.0000 	0.0000 	0.0000 	0.0000 	0.0000 	0.0320 	0.0730 	0.0950 	0.0000 	0.0070 	0.0520 	0.0180 	0.0500 	0.0910 	0.1000 	0.0000 	0.0000 	0.0000 	0.0000 	0.0000 	0.0000 	0.0000 	0.0000 	0.0730 	0.2270 	0.8210 	0.9140 	0.1740 	0.1170 	0.0060 	0.0000 	0.0000 	0.0000 	0.0000 	0.0000 	0.0000 	0.0000 	0.0000 	0.0000 	0.0000 	0.0000 	0.0000 	0.0000 	0.0000 	0.0000 	0.0000 	0.0000 	0.0000 	0.0000 	0.0000 	0.0000 	0.0000 	0.0000 
0.0000 	0.0000 	0.0000 	0.0000 	0.0000 	0.0000 	0.0000 	0.0000 	0.0000 	0.0000 	0.0000 	0.0000 	0.0000 	0.0000 	0.0000 	0.0090 	0.0090 	0.0090 	0.0360 	0.0200 	0.0390 	0.0860 	0.0770 	0.1360 	0.1450 	0.0000 	0.0000 	0.0000 	0.0000 	0.0000 	0.0050 	0.0000 	0.0000 	0.0000 	0.1340 	0.2270 	0.9020 	0.7850 	0.1416 	0.0096 	0.0000 	0.0000 	0.0000 	0.0000 	0.0000 	0.0000 	0.0000 	0.0000 	0.0000 	0.0000 	0.0000 	0.0000 	0.0000 	0.0000 	0.0000 	0.0000 	0.0000 	0.0000 	0.0000 	0.0000 	0.0000 	0.0000 	0.0000 	0.0000 
0.0000 	0.0000 	0.0000 	0.0000 	0.0000 	0.0000 	0.0000 	0.0000 	0.0000 	0.0000 	0.0000 	0.0000 	0.0000 	0.0000 	0.0000 	0.0160 	0.0110 	0.0270 	0.0410 	0.0200 	0.1000 	0.2630 	0.0520 	0.0790 	0.0250 	0.0090 	0.0050 	0.0000 	0.0000 	0.0000 	0.0610 	0.0000 	0.0000 	0.0050 	0.3240 	0.5870 	1.0000 	0.6120 	0.0219 	0.0000 	0.0000 	0.0000 	0.0000 	0.0000 	0.0000 	0.0000 	0.0000 	0.0000 	0.0000 	0.0000 	0.0000 	0.0000 	0.0000 	0.0000 	0.0000 	0.0000 	0.0000 	0.0000 	0.0000 	0.0000 	0.0000 	0.0000 	0.0000 	0.0000 
0.0000 	0.0000 	0.0000 	0.0000 	0.0000 	0.0000 	0.0000 	0.0000 	0.0000 	0.0000 	0.0000 	0.0000 	0.0000 	0.0050 	0.0050 	0.0070 	0.0500 	0.0160 	0.0730 	0.0110 	0.0270 	0.0520 	0.0520 	0.0410 	0.0000 	0.0000 	0.0000 	0.0000 	0.0000 	0.0000 	0.0160 	0.0000 	0.0000 	0.0070 	0.0610 	0.9340 	0.8930 	0.2110 	0.0096 	0.0000 	0.0000 	0.0000 	0.0000 	0.0000 	0.0000 	0.0000 	0.0000 	0.0000 	0.0000 	0.0000 	0.0000 	0.0000 	0.0000 	0.0000 	0.0000 	0.0000 	0.0000 	0.0000 	0.0000 	0.0000 	0.0000 	0.0000 	0.0000 	0.0000 
0.0000 	0.0000 	0.0000 	0.0000 	0.0000 	0.0000 	0.0000 	0.0000 	0.0000 	0.0000 	0.0000 	0.0000 	0.0000 	0.0050 	0.0110 	0.0180 	0.0500 	0.0250 	0.0570 	0.0090 	0.1270 	0.2970 	0.0050 	0.0090 	0.0000 	0.0000 	0.0000 	0.0000 	0.0000 	0.0000 	0.0000 	0.0000 	0.0000 	0.1290 	0.4040 	1.0000 	0.7030 	0.2540 	0.0042 	0.0000 	0.0000 	0.0000 	0.0000 	0.0000 	0.0000 	0.0000 	0.0000 	0.0000 	0.0000 	0.0000 	0.0000 	0.0000 	0.0000 	0.0000 	0.0000 	0.0000 	0.0000 	0.0000 	0.0000 	0.0000 	0.0000 	0.0000 	0.0000 	0.0000 
0.0000 	0.0000 	0.0000 	0.0000 	0.0000 	0.0000 	0.0000 	0.0000 	0.0000 	0.0000 	0.0000 	0.0000 	0.0000 	0.0090 	0.0390 	0.0450 	0.0590 	0.0480 	0.0360 	0.0610 	0.0930 	0.2090 	0.3850 	0.1270 	0.0070 	0.0000 	0.0000 	0.0000 	0.0000 	0.0000 	0.0000 	0.0000 	0.0000 	0.0360 	0.5710 	0.9000 	0.3760 	0.0117 	0.0021 	0.0000 	0.0000 	0.0000 	0.0000 	0.0000 	0.0000 	0.0000 	0.0000 	0.0000 	0.0000 	0.0000 	0.0000 	0.0000 	0.0000 	0.0000 	0.0000 	0.0000 	0.0000 	0.0000 	0.0000 	0.0000 	0.0000 	0.0000 	0.0000 	0.0000 
0.0000 	0.0000 	0.0000 	0.0000 	0.0000 	0.0000 	0.0000 	0.0000 	0.0000 	0.0000 	0.0000 	0.0000 	0.0000 	0.0230 	0.0520 	0.1180 	0.0980 	0.0340 	0.0730 	0.0230 	0.0880 	0.1430 	0.1840 	0.1410 	0.0000 	0.0000 	0.0000 	0.0000 	0.0000 	0.0000 	0.0000 	0.0000 	0.0160 	0.0680 	0.7210 	0.4810 	0.1332 	0.0000 	0.0000 	0.0000 	0.0000 	0.0000 	0.0000 	0.0000 	0.0000 	0.0000 	0.0000 	0.0000 	0.0000 	0.0000 	0.0000 	0.0000 	0.0000 	0.0000 	0.0000 	0.0000 	0.0000 	0.0000 	0.0000 	0.0000 	0.0000 	0.0000 	0.0000 	0.0000 
0.0000 	0.0000 	0.0000 	0.0000 	0.0000 	0.0000 	0.0000 	0.0000 	0.0000 	0.0000 	0.0000 	0.0000 	0.0000 	0.0250 	0.0930 	0.2150 	0.2000 	0.1250 	0.0590 	0.1770 	0.0750 	0.0610 	0.1970 	0.1110 	0.0770 	0.0000 	0.0000 	0.0680 	0.0000 	0.0000 	0.0000 	0.0000 	0.1000 	0.1660 	0.9520 	0.5100 	0.0450 	0.0027 	0.0000 	0.0000 	0.0000 	0.0000 	0.0000 	0.0000 	0.0000 	0.0000 	0.0000 	0.0000 	0.0000 	0.0000 	0.0000 	0.0000 	0.0000 	0.0000 	0.0000 	0.0000 	0.0000 	0.0000 	0.0000 	0.0000 	0.0000 	0.0000 	0.0000 	0.0000 
0.0000 	0.0000 	0.0000 	0.0000 	0.0000 	0.0000 	0.0000 	0.0000 	0.0000 	0.0000 	0.0000 	0.0000 	0.0000 	0.0570 	0.0820 	0.1130 	0.1770 	0.1250 	0.0180 	0.0200 	0.0140 	0.0590 	0.1450 	0.1500 	0.2340 	0.0050 	0.0000 	0.0770 	0.0000 	0.0000 	0.0000 	0.0000 	0.0520 	0.5330 	0.9120 	0.3150 	0.0000 	0.0000 	0.0000 	0.0000 	0.0000 	0.0000 	0.0000 	0.0000 	0.0000 	0.0000 	0.0000 	0.0000 	0.0000 	0.0000 	0.0000 	0.0000 	0.0000 	0.0000 	0.0000 	0.0000 	0.0000 	0.0000 	0.0000 	0.0000 	0.0000 	0.0000 	0.0000 	0.0000 
0.0000 	0.0000 	0.0000 	0.0000 	0.0000 	0.0000 	0.0000 	0.0000 	0.0000 	0.0000 	0.0000 	0.0000 	0.0360 	0.0790 	0.1700 	0.2130 	0.0860 	0.1000 	0.0910 	0.0840 	0.0200 	0.0230 	0.0450 	0.1540 	0.2180 	0.2060 	0.0000 	0.0000 	0.0000 	0.0000 	0.0000 	0.1810 	0.2090 	0.7660 	0.7140 	0.0579 	0.0000 	0.0000 	0.0000 	0.0000 	0.0000 	0.0000 	0.0000 	0.0000 	0.0000 	0.0000 	0.0000 	0.0000 	0.0000 	0.0000 	0.0000 	0.0000 	0.0000 	0.0000 	0.0000 	0.0000 	0.0000 	0.0000 	0.0000 	0.0000 	0.0000 	0.0000 	0.0000 	0.0000 
0.0000 	0.0000 	0.0000 	0.0000 	0.0000 	0.0000 	0.0000 	0.0000 	0.0000 	0.0000 	0.0000 	0.0110 	0.0000 	0.1590 	0.1790 	0.1560 	0.0540 	0.0790 	0.1840 	0.1560 	0.1520 	0.3470 	0.1590 	0.3420 	0.5600 	0.3170 	0.4510 	0.1200 	0.0230 	0.0000 	0.1900 	0.2590 	0.2630 	0.9520 	0.6710 	0.0081 	0.0000 	0.0000 	0.0000 	0.0000 	0.0000 	0.0000 	0.0000 	0.0000 	0.0000 	0.0000 	0.0000 	0.0000 	0.0000 	0.0000 	0.0000 	0.0000 	0.0000 	0.0000 	0.0000 	0.0000 	0.0000 	0.0000 	0.0000 	0.0000 	0.0000 	0.0000 	0.0000 	0.0000 
0.0000 	0.0000 	0.0000 	0.0000 	0.0000 	0.0000 	0.0000 	0.0000 	0.0000 	0.0000 	0.0000 	0.0050 	0.0020 	0.1200 	0.0610 	0.1880 	0.1590 	0.1000 	0.0340 	0.0680 	0.4400 	0.6690 	0.4380 	0.1340 	0.1450 	0.0680 	0.1700 	0.6760 	0.4900 	0.5150 	0.3790 	0.3490 	0.6490 	0.8230 	0.0321 	0.0060 	0.0000 	0.0000 	0.0000 	0.0000 	0.0000 	0.0000 	0.0000 	0.0000 	0.0000 	0.0000 	0.0000 	0.0000 	0.0000 	0.0000 	0.0000 	0.0000 	0.0000 	0.0000 	0.0000 	0.0000 	0.0000 	0.0000 	0.0000 	0.0000 	0.0000 	0.0000 	0.0000 	0.0000 
0.0000 	0.0000 	0.0000 	0.0000 	0.0000 	0.0000 	0.0000 	0.0000 	0.0000 	0.0000 	0.0000 	0.0000 	0.0070 	0.1380 	0.0660 	0.1560 	0.0610 	0.0950 	0.0320 	0.0290 	0.4900 	0.4060 	0.0930 	0.0000 	0.0000 	0.0000 	0.0000 	0.2310 	0.5310 	0.9430 	0.3850 	0.3490 	0.2180 	0.0783 	0.0321 	0.0027 	0.0000 	0.0000 	0.0000 	0.0000 	0.0000 	0.0000 	0.0000 	0.0000 	0.0000 	0.0000 	0.0000 	0.0000 	0.0000 	0.0000 	0.0000 	0.0000 	0.0000 	0.0000 	0.0000 	0.0000 	0.0000 	0.0000 	0.0000 	0.0000 	0.0000 	0.0000 	0.0000 	0.0000 
0.0000 	0.0000 	0.0000 	0.0000 	0.0000 	0.0000 	0.0000 	0.0000 	0.0000 	0.0000 	0.0000 	0.0000 	0.0200 	0.0520 	0.0410 	0.1430 	0.0790 	0.0610 	0.0270 	0.0410 	0.1380 	0.2240 	0.0930 	0.0000 	0.0000 	0.0200 	0.0000 	0.0000 	0.1790 	0.6870 	0.1860 	0.4170 	0.0381 	0.0015 	0.0000 	0.0102 	0.0027 	0.0000 	0.0000 	0.0000 	0.0000 	0.0000 	0.0000 	0.0000 	0.0000 	0.0000 	0.0000 	0.0000 	0.0000 	0.0000 	0.0000 	0.0000 	0.0000 	0.0000 	0.0000 	0.0000 	0.0000 	0.0000 	0.0000 	0.0000 	0.0000 	0.0000 	0.0000 	0.0000 
0.0000 	0.0000 	0.0000 	0.0000 	0.0000 	0.0000 	0.0000 	0.0000 	0.0000 	0.0000 	0.0000 	0.0000 	0.0430 	0.0340 	0.0270 	0.1410 	0.1270 	0.0680 	0.0250 	0.0290 	0.3020 	0.4900 	0.1520 	0.0480 	0.0000 	0.0000 	0.0000 	0.0000 	0.0110 	0.3670 	0.5190 	0.4290 	0.0333 	0.0672 	0.0060 	0.0096 	0.0000 	0.0000 	0.0000 	0.0000 	0.0000 	0.0000 	0.0000 	0.0000 	0.0000 	0.0000 	0.0000 	0.0000 	0.0000 	0.0000 	0.0000 	0.0000 	0.0000 	0.0000 	0.0000 	0.0000 	0.0000 	0.0000 	0.0000 	0.0000 	0.0000 	0.0000 	0.0000 	0.0000 
0.0000 	0.0000 	0.0000 	0.0000 	0.0000 	0.0000 	0.0000 	0.0000 	0.0000 	0.0000 	0.0000 	0.0000 	0.0410 	0.0070 	0.0340 	0.1680 	0.1290 	0.1560 	0.0230 	0.2560 	0.4600 	0.4830 	0.4260 	0.1660 	0.0000 	0.0520 	0.0000 	0.0000 	0.0000 	0.0070 	0.2900 	0.9270 	0.1287 	0.0591 	0.0375 	0.0015 	0.0000 	0.0000 	0.0000 	0.0000 	0.0000 	0.0000 	0.0000 	0.0000 	0.0000 	0.0000 	0.0000 	0.0000 	0.0000 	0.0000 	0.0000 	0.0000 	0.0000 	0.0000 	0.0000 	0.0000 	0.0000 	0.0000 	0.0000 	0.0000 	0.0000 	0.0000 	0.0000 	0.0000 
0.0000 	0.0000 	0.0000 	0.0000 	0.0000 	0.0000 	0.0000 	0.0000 	0.0000 	0.0000 	0.0000 	0.0180 	0.0200 	0.0770 	0.0930 	0.0820 	0.0660 	0.0360 	0.0250 	0.1560 	0.3990 	0.3170 	0.1040 	0.0200 	0.0000 	0.0700 	0.0000 	0.0000 	0.0000 	0.0000 	0.6010 	0.7660 	0.1053 	0.1389 	0.0075 	0.0000 	0.0000 	0.0000 	0.0000 	0.0000 	0.0000 	0.0000 	0.0000 	0.0000 	0.0000 	0.0000 	0.0000 	0.0000 	0.0000 	0.0000 	0.0000 	0.0000 	0.0000 	0.0000 	0.0000 	0.0000 	0.0000 	0.0000 	0.0000 	0.0000 	0.0000 	0.0000 	0.0000 	0.0000 
0.0000 	0.0000 	0.0000 	0.0000 	0.0000 	0.0000 	0.0000 	0.0000 	0.0000 	0.0000 	0.0000 	0.0140 	0.1290 	0.1020 	0.1020 	0.0570 	0.0110 	0.0090 	0.1160 	0.0630 	0.0630 	0.1040 	0.0000 	0.0000 	0.0250 	0.0000 	0.0000 	0.1250 	0.1020 	0.2000 	0.9160 	0.8500 	0.0897 	0.0339 	0.0042 	0.0087 	0.0000 	0.0000 	0.0000 	0.0000 	0.0000 	0.0000 	0.0000 	0.0000 	0.0000 	0.0000 	0.0000 	0.0000 	0.0000 	0.0000 	0.0000 	0.0000 	0.0000 	0.0000 	0.0000 	0.0000 	0.0000 	0.0000 	0.0000 	0.0000 	0.0000 	0.0000 	0.0000 	0.0000 
0.0000 	0.0000 	0.0000 	0.0000 	0.0000 	0.0000 	0.0000 	0.0000 	0.0000 	0.0000 	0.0000 	0.0050 	0.1410 	0.0230 	0.0790 	0.0360 	0.0140 	0.0160 	0.0450 	0.0000 	0.0000 	0.0000 	0.0000 	0.0000 	0.0000 	0.0000 	0.0000 	0.4440 	0.4170 	0.7480 	0.6210 	0.2180 	0.0258 	0.0027 	0.0015 	0.0000 	0.0000 	0.0000 	0.0000 	0.0000 	0.0000 	0.0000 	0.0000 	0.0000 	0.0000 	0.0000 	0.0000 	0.0000 	0.0000 	0.0000 	0.0000 	0.0000 	0.0000 	0.0000 	0.0000 	0.0000 	0.0000 	0.0000 	0.0000 	0.0000 	0.0000 	0.0000 	0.0000 	0.0000 
0.0000 	0.0000 	0.0000 	0.0000 	0.0000 	0.0000 	0.0000 	0.0000 	0.0000 	0.0000 	0.0000 	0.0000 	0.0340 	0.0070 	0.0250 	0.0090 	0.0180 	0.0000 	0.0000 	0.0000 	0.0000 	0.0000 	0.0000 	0.0000 	0.0000 	0.0000 	0.0160 	0.0000 	0.7010 	0.4150 	0.1540 	0.0000 	0.0000 	0.0000 	0.0000 	0.0000 	0.0000 	0.0000 	0.0000 	0.0000 	0.0000 	0.0000 	0.0000 	0.0000 	0.0000 	0.0000 	0.0000 	0.0000 	0.0000 	0.0000 	0.0000 	0.0000 	0.0000 	0.0000 	0.0000 	0.0000 	0.0000 	0.0000 	0.0000 	0.0000 	0.0000 	0.0000 	0.0000 	0.0000 
0.0000 	0.0000 	0.0000 	0.0000 	0.0000 	0.0000 	0.0000 	0.0000 	0.0000 	0.0000 	0.0090 	0.0070 	0.0500 	0.0230 	0.0750 	0.1000 	0.0630 	0.0410 	0.0250 	0.0000 	0.0000 	0.0000 	0.0000 	0.0000 	0.0000 	0.0000 	0.0020 	0.0950 	0.7640 	0.7260 	0.0730 	0.0015 	0.0000 	0.0000 	0.0000 	0.0000 	0.0000 	0.0000 	0.0000 	0.0000 	0.0000 	0.0000 	0.0000 	0.0000 	0.0000 	0.0000 	0.0000 	0.0000 	0.0000 	0.0000 	0.0000 	0.0000 	0.0000 	0.0000 	0.0000 	0.0000 	0.0000 	0.0000 	0.0000 	0.0000 	0.0000 	0.0000 	0.0000 	0.0000 
0.0000 	0.0000 	0.0000 	0.0000 	0.0000 	0.0000 	0.0000 	0.0000 	0.0000 	0.0000 	0.0000 	0.0730 	0.0250 	0.0250 	0.1860 	0.0270 	0.0430 	0.0660 	0.0000 	0.0000 	0.0000 	0.0000 	0.0000 	0.0000 	0.0000 	0.0000 	0.1470 	0.8300 	0.3850 	0.0320 	0.0000 	0.0000 	0.0000 	0.0000 	0.0000 	0.0000 	0.0000 	0.0000 	0.0000 	0.0000 	0.0000 	0.0000 	0.0000 	0.0000 	0.0000 	0.0000 	0.0000 	0.0000 	0.0000 	0.0000 	0.0000 	0.0000 	0.0000 	0.0000 	0.0000 	0.0000 	0.0000 	0.0000 	0.0000 	0.0000 	0.0000 	0.0000 	0.0000 	0.0000 
0.0000 	0.0000 	0.0000 	0.0000 	0.0000 	0.0000 	0.0000 	0.0000 	0.0000 	0.0000 	0.0000 	0.0020 	0.0200 	0.0590 	0.0390 	0.0930 	0.0790 	0.1110 	0.0320 	0.0000 	0.0000 	0.0000 	0.0000 	0.0000 	0.0000 	0.0050 	0.3700 	0.9180 	0.4670 	0.0630 	0.0000 	0.0000 	0.0000 	0.0000 	0.0000 	0.0000 	0.0000 	0.0000 	0.0000 	0.0000 	0.0000 	0.0000 	0.0000 	0.0000 	0.0000 	0.0000 	0.0000 	0.0000 	0.0000 	0.0000 	0.0000 	0.0000 	0.0000 	0.0000 	0.0000 	0.0000 	0.0000 	0.0000 	0.0000 	0.0000 	0.0000 	0.0000 	0.0000 	0.0000 
0.0000 	0.0000 	0.0000 	0.0000 	0.0000 	0.0000 	0.0000 	0.0000 	0.0000 	0.0000 	0.0000 	0.0290 	0.0200 	0.0360 	0.0520 	0.0320 	0.0590 	0.0250 	0.0340 	0.0480 	0.0000 	0.0000 	0.0000 	0.0000 	0.0000 	0.2610 	0.8320 	0.8680 	0.1430 	0.0027 	0.0000 	0.0000 	0.0000 	0.0000 	0.0000 	0.0000 	0.0000 	0.0000 	0.0000 	0.0000 	0.0000 	0.0000 	0.0000 	0.0000 	0.0000 	0.0000 	0.0000 	0.0000 	0.0000 	0.0000 	0.0000 	0.0000 	0.0000 	0.0000 	0.0000 	0.0000 	0.0000 	0.0000 	0.0000 	0.0000 	0.0000 	0.0000 	0.0000 	0.0000 
0.0000 	0.0000 	0.0000 	0.0000 	0.0000 	0.0000 	0.0000 	0.0000 	0.0000 	0.0000 	0.0000 	0.0000 	0.0090 	0.0390 	0.0290 	0.0480 	0.0000 	0.0000 	0.0050 	0.0000 	0.0000 	0.0000 	0.0000 	0.0050 	0.2650 	0.8960 	0.9230 	0.4260 	0.0231 	0.0021 	0.0000 	0.0000 	0.0000 	0.0000 	0.0000 	0.0000 	0.0000 	0.0000 	0.0000 	0.0000 	0.0000 	0.0000 	0.0000 	0.0000 	0.0000 	0.0000 	0.0000 	0.0000 	0.0000 	0.0000 	0.0000 	0.0000 	0.0000 	0.0000 	0.0000 	0.0000 	0.0000 	0.0000 	0.0000 	0.0000 	0.0000 	0.0000 	0.0000 	0.0000 
0.0000 	0.0000 	0.0000 	0.0000 	0.0000 	0.0000 	0.0000 	0.0000 	0.0000 	0.0000 	0.0000 	0.0000 	0.0430 	0.1000 	0.1270 	0.0500 	0.0160 	0.0000 	0.0000 	0.0000 	0.0000 	0.0000 	0.0000 	0.1160 	0.8030 	0.8340 	0.4510 	0.0381 	0.0000 	0.0000 	0.0000 	0.0000 	0.0000 	0.0000 	0.0000 	0.0000 	0.0000 	0.0000 	0.0000 	0.0000 	0.0000 	0.0000 	0.0000 	0.0000 	0.0000 	0.0000 	0.0000 	0.0000 	0.0000 	0.0000 	0.0000 	0.0000 	0.0000 	0.0000 	0.0000 	0.0000 	0.0000 	0.0000 	0.0000 	0.0000 	0.0000 	0.0000 	0.0000 	0.0000 
0.0000 	0.0000 	0.0000 	0.0000 	0.0000 	0.0000 	0.0000 	0.0000 	0.0000 	0.0000 	0.0020 	0.0000 	0.0000 	0.0290 	0.1040 	0.0250 	0.0520 	0.0180 	0.0230 	0.0000 	0.0000 	0.0000 	0.0090 	0.2770 	0.1750 	0.2400 	0.0840 	0.0000 	0.0000 	0.0000 	0.0000 	0.0000 	0.0000 	0.0000 	0.0000 	0.0000 	0.0000 	0.0000 	0.0000 	0.0000 	0.0000 	0.0000 	0.0000 	0.0000 	0.0000 	0.0000 	0.0000 	0.0000 	0.0000 	0.0000 	0.0000 	0.0000 	0.0000 	0.0000 	0.0000 	0.0000 	0.0000 	0.0000 	0.0000 	0.0000 	0.0000 	0.0000 	0.0000 	0.0000 
0.0000 	0.0000 	0.0000 	0.0000 	0.0000 	0.0000 	0.0000 	0.0000 	0.0000 	0.0000 	0.0000 	0.0000 	0.0000 	0.0290 	0.1090 	0.0020 	0.0750 	0.0140 	0.0050 	0.0000 	0.0000 	0.0000 	0.0680 	0.3970 	0.0500 	0.0000 	0.0000 	0.0000 	0.0000 	0.0000 	0.0000 	0.0000 	0.0000 	0.0000 	0.0000 	0.0000 	0.0000 	0.0000 	0.0000 	0.0000 	0.0000 	0.0000 	0.0000 	0.0000 	0.0000 	0.0000 	0.0000 	0.0000 	0.0000 	0.0000 	0.0000 	0.0000 	0.0000 	0.0000 	0.0000 	0.0000 	0.0000 	0.0000 	0.0000 	0.0000 	0.0000 	0.0000 	0.0000 	0.0000 
0.0000 	0.0000 	0.0000 	0.0000 	0.0000 	0.0000 	0.0000 	0.0000 	0.0000 	0.0000 	0.0000 	0.0000 	0.0000 	0.0180 	0.0410 	0.0000 	0.0000 	0.0000 	0.0000 	0.0000 	0.0000 	0.0000 	0.1070 	0.9730 	0.4510 	0.0070 	0.0000 	0.0000 	0.0000 	0.0000 	0.0000 	0.0000 	0.0000 	0.0000 	0.0000 	0.0000 	0.0000 	0.0000 	0.0000 	0.0000 	0.0000 	0.0000 	0.0000 	0.0000 	0.0000 	0.0000 	0.0000 	0.0000 	0.0000 	0.0000 	0.0000 	0.0000 	0.0000 	0.0000 	0.0000 	0.0000 	0.0000 	0.0000 	0.0000 	0.0000 	0.0000 	0.0000 	0.0000 	0.0000 
0.0000 	0.0000 	0.0000 	0.0000 	0.0000 	0.0000 	0.0000 	0.0000 	0.0000 	0.0000 	0.0000 	0.0000 	0.0000 	0.0180 	0.0410 	0.0630 	0.0200 	0.0000 	0.0000 	0.0000 	0.0000 	0.0000 	0.1410 	0.9800 	0.4200 	0.0050 	0.0000 	0.0000 	0.0000 	0.0000 	0.0000 	0.0000 	0.0000 	0.0000 	0.0000 	0.0000 	0.0000 	0.0000 	0.0000 	0.0000 	0.0000 	0.0000 	0.0000 	0.0000 	0.0000 	0.0000 	0.0000 	0.0000 	0.0000 	0.0000 	0.0000 	0.0000 	0.0000 	0.0000 	0.0000 	0.0000 	0.0000 	0.0000 	0.0000 	0.0000 	0.0000 	0.0000 	0.0000 	0.0000 
0.0000 	0.0000 	0.0000 	0.0000 	0.0000 	0.0000 	0.0000 	0.0000 	0.0000 	0.0000 	0.0000 	0.0000 	0.0000 	0.0110 	0.1470 	0.0520 	0.0840 	0.0110 	0.0000 	0.0000 	0.0000 	0.0020 	0.3330 	0.8480 	0.2220 	0.0000 	0.0000 	0.0000 	0.0000 	0.0000 	0.0000 	0.0000 	0.0000 	0.0000 	0.0000 	0.0000 	0.0000 	0.0000 	0.0000 	0.0000 	0.0000 	0.0000 	0.0000 	0.0000 	0.0000 	0.0000 	0.0000 	0.0000 	0.0000 	0.0000 	0.0000 	0.0000 	0.0000 	0.0000 	0.0000 	0.0000 	0.0000 	0.0000 	0.0000 	0.0000 	0.0000 	0.0000 	0.0000 	0.0000 
0.0000 	0.0000 	0.0000 	0.0000 	0.0000 	0.0000 	0.0000 	0.0000 	0.0000 	0.0000 	0.0000 	0.0000 	0.0000 	0.0110 	0.1520 	0.0340 	0.0160 	0.0000 	0.0000 	0.0000 	0.0000 	0.0000 	0.3580 	0.8340 	0.0660 	0.0000 	0.0000 	0.0000 	0.0000 	0.0000 	0.0000 	0.0000 	0.0000 	0.0000 	0.0000 	0.0000 	0.0000 	0.0000 	0.0000 	0.0000 	0.0000 	0.0000 	0.0000 	0.0000 	0.0000 	0.0000 	0.0000 	0.0000 	0.0000 	0.0000 	0.0000 	0.0000 	0.0000 	0.0000 	0.0000 	0.0000 	0.0000 	0.0000 	0.0000 	0.0000 	0.0000 	0.0000 	0.0000 	0.0000 
0.0000 	0.0000 	0.0000 	0.0000 	0.0000 	0.0000 	0.0000 	0.0000 	0.0000 	0.0000 	0.0000 	0.0050 	0.0050 	0.0430 	0.0430 	0.0540 	0.0660 	0.0000 	0.0000 	0.0000 	0.0000 	0.0180 	0.2060 	0.8530 	0.0020 	0.0000 	0.0000 	0.0000 	0.0000 	0.0000 	0.0000 	0.0000 	0.0000 	0.0000 	0.0000 	0.0000 	0.0000 	0.0000 	0.0000 	0.0000 	0.0000 	0.0000 	0.0000 	0.0000 	0.0000 	0.0000 	0.0000 	0.0000 	0.0000 	0.0000 	0.0000 	0.0000 	0.0000 	0.0000 	0.0000 	0.0000 	0.0000 	0.0000 	0.0000 	0.0000 	0.0000 	0.0000 	0.0000 	0.0000 
0.0000 	0.0000 	0.0000 	0.0000 	0.0000 	0.0000 	0.0000 	0.0000 	0.0000 	0.0000 	0.0000 	0.0110 	0.0050 	0.0180 	0.0430 	0.1090 	0.1070 	0.0230 	0.0000 	0.0000 	0.0000 	0.0000 	0.1630 	0.9730 	0.2040 	0.0000 	0.0000 	0.0000 	0.0000 	0.0000 	0.0000 	0.0000 	0.0000 	0.0000 	0.0000 	0.0000 	0.0000 	0.0000 	0.0000 	0.0000 	0.0000 	0.0000 	0.0000 	0.0000 	0.0000 	0.0000 	0.0000 	0.0000 	0.0000 	0.0000 	0.0000 	0.0000 	0.0000 	0.0000 	0.0000 	0.0000 	0.0000 	0.0000 	0.0000 	0.0000 	0.0000 	0.0000 	0.0000 	0.0000 
0.0000 	0.0000 	0.0000 	0.0000 	0.0000 	0.0000 	0.0000 	0.0000 	0.0000 	0.0000 	0.0000 	0.0000 	0.0000 	0.0430 	0.0180 	0.0820 	0.1070 	0.0880 	0.0520 	0.0000 	0.0000 	0.0000 	0.1470 	0.9640 	0.2900 	0.0000 	0.0000 	0.0000 	0.0000 	0.0000 	0.0000 	0.0000 	0.0000 	0.0000 	0.0000 	0.0000 	0.0000 	0.0000 	0.0000 	0.0000 	0.0000 	0.0000 	0.0000 	0.0000 	0.0000 	0.0000 	0.0000 	0.0000 	0.0000 	0.0000 	0.0000 	0.0000 	0.0000 	0.0000 	0.0000 	0.0000 	0.0000 	0.0000 	0.0000 	0.0000 	0.0000 	0.0000 	0.0000 	0.0000 
0.0000 	0.0000 	0.0000 	0.0000 	0.0000 	0.0000 	0.0000 	0.0000 	0.0000 	0.0000 	0.0090 	0.0050 	0.0000 	0.0050 	0.0360 	0.1180 	0.2200 	0.1970 	0.1000 	0.0000 	0.0000 	0.0000 	0.0570 	0.8960 	0.3310 	0.0000 	0.0000 	0.0000 	0.0000 	0.0000 	0.0000 	0.0000 	0.0000 	0.0000 	0.0000 	0.0000 	0.0000 	0.0000 	0.0000 	0.0000 	0.0000 	0.0000 	0.0000 	0.0000 	0.0000 	0.0000 	0.0000 	0.0000 	0.0000 	0.0000 	0.0000 	0.0000 	0.0000 	0.0000 	0.0000 	0.0000 	0.0000 	0.0000 	0.0000 	0.0000 	0.0000 	0.0000 	0.0000 	0.0000 
0.0000 	0.0000 	0.0000 	0.0000 	0.0000 	0.0000 	0.0000 	0.0000 	0.0000 	0.0000 	0.0050 	0.0000 	0.0000 	0.0000 	0.0340 	0.1040 	0.2270 	0.1090 	0.2400 	0.0200 	0.0000 	0.0000 	0.2400 	0.6300 	0.2380 	0.0000 	0.0000 	0.0000 	0.0000 	0.0000 	0.0000 	0.0000 	0.0000 	0.0000 	0.0000 	0.0000 	0.0000 	0.0000 	0.0000 	0.0000 	0.0000 	0.0000 	0.0000 	0.0000 	0.0000 	0.0000 	0.0000 	0.0000 	0.0000 	0.0000 	0.0000 	0.0000 	0.0000 	0.0000 	0.0000 	0.0000 	0.0000 	0.0000 	0.0000 	0.0000 	0.0000 	0.0000 	0.0000 	0.0000 
0.0000 	0.0000 	0.0000 	0.0000 	0.0000 	0.0000 	0.0000 	0.0000 	0.0000 	0.0000 	0.0200 	0.0020 	0.0000 	0.0050 	0.0700 	0.0790 	0.1840 	0.0320 	0.0070 	0.0090 	0.0000 	0.0000 	0.1000 	0.6330 	0.3830 	0.0000 	0.0000 	0.0000 	0.0000 	0.0000 	0.0000 	0.0000 	0.0000 	0.0000 	0.0000 	0.0000 	0.0000 	0.0000 	0.0000 	0.0000 	0.0000 	0.0000 	0.0000 	0.0000 	0.0000 	0.0000 	0.0000 	0.0000 	0.0000 	0.0000 	0.0000 	0.0000 	0.0000 	0.0000 	0.0000 	0.0000 	0.0000 	0.0000 	0.0000 	0.0000 	0.0000 	0.0000 	0.0000 	0.0000 
0.0000 	0.0000 	0.0000 	0.0000 	0.0000 	0.0000 	0.0000 	0.0000 	0.0000 	0.0000 	0.0000 	0.0000 	0.0000 	0.0000 	0.0050 	0.0390 	0.1020 	0.0290 	0.0050 	0.0000 	0.0000 	0.0000 	0.0680 	0.4760 	0.4400 	0.0198 	0.0000 	0.0000 	0.0000 	0.0000 	0.0000 	0.0000 	0.0000 	0.0000 	0.0000 	0.0000 	0.0000 	0.0000 	0.0000 	0.0000 	0.0000 	0.0000 	0.0000 	0.0000 	0.0000 	0.0000 	0.0000 	0.0000 	0.0000 	0.0000 	0.0000 	0.0000 	0.0000 	0.0000 	0.0000 	0.0000 	0.0000 	0.0000 	0.0000 	0.0000 	0.0000 	0.0000 	0.0000 	0.0000 
0.0000 	0.0000 	0.0000 	0.0000 	0.0000 	0.0000 	0.0000 	0.0000 	0.0000 	0.0000 	0.0000 	0.0000 	0.0000 	0.0250 	0.0730 	0.0430 	0.0070 	0.0090 	0.0320 	0.0250 	0.0000 	0.0000 	0.0110 	0.7050 	1.0000 	0.1020 	0.0000 	0.0000 	0.0000 	0.0000 	0.0000 	0.0000 	0.0000 	0.0000 	0.0000 	0.0000 	0.0000 	0.0000 	0.0000 	0.0000 	0.0000 	0.0000 	0.0000 	0.0000 	0.0000 	0.0000 	0.0000 	0.0000 	0.0000 	0.0000 	0.0000 	0.0000 	0.0000 	0.0000 	0.0000 	0.0000 	0.0000 	0.0000 	0.0000 	0.0000 	0.0000 	0.0000 	0.0000 	0.0000 
0.0000 	0.0000 	0.0000 	0.0000 	0.0000 	0.0000 	0.0000 	0.0000 	0.0000 	0.0000 	0.0000 	0.0000 	0.0000 	0.0700 	0.0660 	0.0050 	0.0000 	0.0430 	0.0000 	0.0000 	0.0000 	0.0000 	0.0110 	0.0770 	0.9730 	0.1851 	0.0000 	0.0000 	0.0000 	0.0000 	0.0000 	0.0000 	0.0000 	0.0000 	0.0000 	0.0000 	0.0000 	0.0000 	0.0000 	0.0000 	0.0000 	0.0000 	0.0000 	0.0000 	0.0000 	0.0000 	0.0000 	0.0000 	0.0000 	0.0000 	0.0000 	0.0000 	0.0000 	0.0000 	0.0000 	0.0000 	0.0000 	0.0000 	0.0000 	0.0000 	0.0000 	0.0000 	0.0000 	0.0000 
0.0000 	0.0000 	0.0000 	0.0000 	0.0000 	0.0000 	0.0000 	0.0000 	0.0000 	0.0000 	0.0000 	0.0000 	0.0180 	0.0230 	0.0410 	0.0000 	0.0000 	0.0160 	0.0000 	0.0000 	0.0000 	0.0000 	0.0000 	0.1270 	0.9820 	0.3220 	0.0000 	0.0000 	0.0000 	0.0000 	0.0000 	0.0000 	0.0000 	0.0000 	0.0000 	0.0000 	0.0000 	0.0000 	0.0000 	0.0000 	0.0000 	0.0000 	0.0000 	0.0000 	0.0000 	0.0000 	0.0000 	0.0000 	0.0000 	0.0000 	0.0000 	0.0000 	0.0000 	0.0000 	0.0000 	0.0000 	0.0000 	0.0000 	0.0000 	0.0000 	0.0000 	0.0000 	0.0000 	0.0000 
0.0000 	0.0000 	0.0000 	0.0000 	0.0000 	0.0000 	0.0000 	0.0000 	0.0000 	0.0000 	0.0000 	0.0000 	0.0000 	0.0320 	0.0320 	0.0110 	0.0000 	0.0000 	0.0000 	0.0000 	0.0000 	0.0000 	0.0140 	0.1930 	1.0000 	0.2360 	0.0162 	0.0000 	0.0000 	0.0000 	0.0000 	0.0000 	0.0000 	0.0000 	0.0000 	0.0000 	0.0000 	0.0000 	0.0000 	0.0000 	0.0000 	0.0000 	0.0000 	0.0000 	0.0000 	0.0000 	0.0000 	0.0000 	0.0000 	0.0000 	0.0000 	0.0000 	0.0000 	0.0000 	0.0000 	0.0000 	0.0000 	0.0000 	0.0000 	0.0000 	0.0000 	0.0000 	0.0000 	0.0000 
0.0000 	0.0000 	0.0000 	0.0000 	0.0000 	0.0000 	0.0000 	0.0000 	0.0000 	0.0000 	0.0000 	0.0000 	0.0000 	0.0750 	0.0770 	0.0180 	0.0070 	0.0000 	0.0000 	0.0000 	0.0320 	0.0000 	0.0180 	0.2830 	0.9070 	0.2060 	0.0042 	0.0000 	0.0000 	0.0000 	0.0000 	0.0000 	0.0000 	0.0000 	0.0000 	0.0000 	0.0000 	0.0000 	0.0000 	0.0000 	0.0000 	0.0000 	0.0000 	0.0000 	0.0000 	0.0000 	0.0000 	0.0000 	0.0000 	0.0000 	0.0000 	0.0000 	0.0000 	0.0000 	0.0000 	0.0000 	0.0000 	0.0000 	0.0000 	0.0000 	0.0000 	0.0000 	0.0000 	0.0000 
0.0000 	0.0000 	0.0000 	0.0000 	0.0000 	0.0000 	0.0000 	0.0000 	0.0000 	0.0000 	0.0000 	0.0000 	0.0000 	0.0660 	0.0610 	0.1200 	0.1200 	0.0000 	0.0000 	0.0000 	0.0000 	0.0160 	0.5240 	0.5220 	0.6850 	0.0180 	0.0042 	0.0000 	0.0000 	0.0000 	0.0000 	0.0000 	0.0000 	0.0000 	0.0000 	0.0000 	0.0000 	0.0000 	0.0000 	0.0000 	0.0000 	0.0000 	0.0000 	0.0000 	0.0000 	0.0000 	0.0000 	0.0000 	0.0000 	0.0000 	0.0000 	0.0000 	0.0000 	0.0000 	0.0000 	0.0000 	0.0000 	0.0000 	0.0000 	0.0000 	0.0000 	0.0000 	0.0000 	0.0000 
0.0000 	0.0000 	0.0000 	0.0000 	0.0000 	0.0000 	0.0000 	0.0000 	0.0000 	0.0000 	0.0000 	0.0000 	0.0000 	0.0320 	0.0660 	0.0700 	0.0110 	0.0000 	0.0000 	0.0000 	0.0000 	0.0000 	0.4010 	0.8100 	0.4380 	0.0000 	0.0000 	0.0000 	0.0000 	0.0000 	0.0000 	0.0000 	0.0000 	0.0000 	0.0000 	0.0000 	0.0000 	0.0000 	0.0000 	0.0000 	0.0000 	0.0000 	0.0000 	0.0000 	0.0000 	0.0000 	0.0000 	0.0000 	0.0000 	0.0000 	0.0000 	0.0000 	0.0000 	0.0000 	0.0000 	0.0000 	0.0000 	0.0000 	0.0000 	0.0000 	0.0000 	0.0000 	0.0000 	0.0000 
0.0000 	0.0000 	0.0000 	0.0000 	0.0000 	0.0000 	0.0000 	0.0000 	0.0000 	0.0000 	0.0000 	0.0000 	0.0000 	0.0160 	0.0820 	0.0770 	0.0070 	0.0140 	0.0070 	0.0000 	0.0000 	0.0000 	0.1860 	0.7410 	0.6100 	0.0020 	0.0021 	0.0000 	0.0000 	0.0000 	0.0000 	0.0000 	0.0000 	0.0000 	0.0000 	0.0000 	0.0000 	0.0000 	0.0000 	0.0000 	0.0000 	0.0000 	0.0000 	0.0000 	0.0000 	0.0000 	0.0000 	0.0000 	0.0000 	0.0000 	0.0000 	0.0000 	0.0000 	0.0000 	0.0000 	0.0000 	0.0000 	0.0000 	0.0000 	0.0000 	0.0000 	0.0000 	0.0000 	0.0000 
0.0000 	0.0000 	0.0000 	0.0000 	0.0000 	0.0000 	0.0000 	0.0000 	0.0000 	0.0000 	0.0000 	0.0000 	0.0000 	0.0290 	0.0410 	0.0160 	0.0180 	0.0160 	0.0200 	0.0000 	0.0000 	0.0000 	0.1450 	0.7570 	0.4850 	0.0730 	0.0441 	0.0000 	0.0000 	0.0000 	0.0000 	0.0000 	0.0000 	0.0000 	0.0000 	0.0000 	0.0000 	0.0000 	0.0000 	0.0000 	0.0000 	0.0000 	0.0000 	0.0000 	0.0000 	0.0000 	0.0000 	0.0000 	0.0000 	0.0000 	0.0000 	0.0000 	0.0000 	0.0000 	0.0000 	0.0000 	0.0000 	0.0000 	0.0000 	0.0000 	0.0000 	0.0000 	0.0000 	0.0000 
0.0000 	0.0000 	0.0000 	0.0000 	0.0000 	0.0000 	0.0000 	0.0000 	0.0000 	0.0000 	0.0000 	0.0000 	0.0000 	0.0000 	0.0200 	0.0540 	0.0360 	0.0110 	0.0000 	0.0000 	0.0000 	0.0000 	0.5100 	0.5240 	0.4650 	0.0450 	0.0408 	0.0000 	0.0000 	0.0000 	0.0000 	0.0000 	0.0000 	0.0000 	0.0000 	0.0000 	0.0000 	0.0000 	0.0000 	0.0000 	0.0000 	0.0000 	0.0000 	0.0000 	0.0000 	0.0000 	0.0000 	0.0000 	0.0000 	0.0000 	0.0000 	0.0000 	0.0000 	0.0000 	0.0000 	0.0000 	0.0000 	0.0000 	0.0000 	0.0000 	0.0000 	0.0000 	0.0000 	0.0000 
0.0000 	0.0000 	0.0000 	0.0000 	0.0000 	0.0000 	0.0000 	0.0000 	0.0000 	0.0000 	0.0000 	0.0000 	0.0000 	0.0160 	0.0340 	0.0410 	0.0000 	0.0000 	0.0020 	0.0020 	0.0000 	0.0000 	0.2110 	0.1340 	0.6240 	0.2180 	0.0414 	0.0000 	0.0000 	0.0000 	0.0000 	0.0000 	0.0000 	0.0000 	0.0000 	0.0000 	0.0000 	0.0000 	0.0000 	0.0000 	0.0000 	0.0000 	0.0000 	0.0000 	0.0000 	0.0000 	0.0000 	0.0000 	0.0000 	0.0000 	0.0000 	0.0000 	0.0000 	0.0000 	0.0000 	0.0000 	0.0000 	0.0000 	0.0000 	0.0000 	0.0000 	0.0000 	0.0000 	0.0000 
0.0000 	0.0000 	0.0000 	0.0000 	0.0000 	0.0000 	0.0000 	0.0000 	0.0000 	0.0000 	0.0000 	0.0000 	0.0000 	0.0480 	0.0270 	0.0090 	0.0020 	0.0000 	0.0000 	0.0000 	0.0000 	0.0000 	0.1970 	0.0730 	0.8570 	0.3170 	0.0150 	0.0000 	0.0000 	0.0000 	0.0000 	0.0000 	0.0000 	0.0000 	0.0000 	0.0000 	0.0000 	0.0000 	0.0000 	0.0000 	0.0000 	0.0000 	0.0000 	0.0000 	0.0000 	0.0000 	0.0000 	0.0000 	0.0000 	0.0000 	0.0000 	0.0000 	0.0000 	0.0000 	0.0000 	0.0000 	0.0000 	0.0000 	0.0000 	0.0000 	0.0000 	0.0000 	0.0000 	0.0000 
0.0000 	0.0000 	0.0000 	0.0000 	0.0000 	0.0000 	0.0000 	0.0000 	0.0000 	0.0000 	0.0000 	0.0000 	0.0000 	0.0140 	0.0630 	0.0250 	0.0000 	0.0000 	0.0000 	0.0000 	0.0000 	0.0000 	0.0680 	0.0930 	0.8500 	0.4420 	0.0000 	0.0000 	0.0000 	0.0000 	0.0000 	0.0000 	0.0000 	0.0000 	0.0000 	0.0000 	0.0000 	0.0000 	0.0000 	0.0000 	0.0000 	0.0000 	0.0000 	0.0000 	0.0000 	0.0000 	0.0000 	0.0000 	0.0000 	0.0000 	0.0000 	0.0000 	0.0000 	0.0000 	0.0000 	0.0000 	0.0000 	0.0000 	0.0000 	0.0000 	0.0000 	0.0000 	0.0000 	0.0000 
0.0000 	0.0000 	0.0000 	0.0000 	0.0000 	0.0000 	0.0000 	0.0000 	0.0000 	0.0000 	0.0000 	0.0000 	0.0000 	0.0750 	0.0590 	0.0110 	0.0110 	0.0000 	0.0000 	0.0000 	0.0000 	0.0000 	0.0000 	0.1290 	0.9390 	0.6920 	0.0027 	0.0000 	0.0000 	0.0000 	0.0000 	0.0000 	0.0000 	0.0000 	0.0000 	0.0000 	0.0000 	0.0000 	0.0000 	0.0000 	0.0000 	0.0000 	0.0000 	0.0000 	0.0000 	0.0000 	0.0000 	0.0000 	0.0000 	0.0000 	0.0000 	0.0000 	0.0000 	0.0000 	0.0000 	0.0000 	0.0000 	0.0000 	0.0000 	0.0000 	0.0000 	0.0000 	0.0000 	0.0000 
0.0000 	0.0000 	0.0000 	0.0000 	0.0000 	0.0000 	0.0000 	0.0000 	0.0000 	0.0000 	0.0000 	0.0000 	0.0000 	0.0160 	0.0050 	0.0000 	0.0050 	0.0000 	0.0000 	0.0000 	0.0000 	0.0000 	0.0000 	0.0180 	0.9320 	0.5870 	0.0000 	0.0000 	0.0000 	0.0000 	0.0000 	0.0000 	0.0000 	0.0000 	0.0000 	0.0000 	0.0000 	0.0000 	0.0000 	0.0000 	0.0000 	0.0000 	0.0000 	0.0000 	0.0000 	0.0000 	0.0000 	0.0000 	0.0000 	0.0000 	0.0000 	0.0000 	0.0000 	0.0000 	0.0000 	0.0000 	0.0000 	0.0000 	0.0000 	0.0000 	0.0000 	0.0000 	0.0000 	0.0000 
0.0000 	0.0000 	0.0000 	0.0000 	0.0000 	0.0000 	0.0000 	0.0000 	0.0000 	0.0000 	0.0000 	0.0000 	0.0000 	0.0180 	0.0230 	0.0020 	0.0000 	0.0000 	0.0000 	0.0000 	0.0000 	0.0000 	0.0090 	0.2630 	0.9520 	0.5830 	0.0129 	0.0000 	0.0000 	0.0015 	0.0000 	0.0000 	0.0000 	0.0000 	0.0000 	0.0000 	0.0000 	0.0000 	0.0000 	0.0000 	0.0000 	0.0000 	0.0000 	0.0000 	0.0000 	0.0000 	0.0000 	0.0000 	0.0000 	0.0000 	0.0000 	0.0000 	0.0000 	0.0000 	0.0000 	0.0000 	0.0000 	0.0000 	0.0000 	0.0000 	0.0000 	0.0000 	0.0000 	0.0000 
0.0000 	0.0000 	0.0000 	0.0000 	0.0000 	0.0000 	0.0000 	0.0000 	0.0000 	0.0000 	0.0000 	0.0000 	0.0000 	0.0070 	0.0000 	0.0000 	0.0000 	0.0000 	0.0000 	0.0000 	0.0000 	0.0000 	0.0340 	0.2000 	0.9250 	0.3950 	0.0129 	0.0000 	0.0000 	0.0000 	0.0000 	0.0000 	0.0000 	0.0000 	0.0000 	0.0000 	0.0000 	0.0000 	0.0000 	0.0000 	0.0000 	0.0000 	0.0000 	0.0000 	0.0000 	0.0000 	0.0000 	0.0000 	0.0000 	0.0000 	0.0000 	0.0000 	0.0000 	0.0000 	0.0000 	0.0000 	0.0000 	0.0000 	0.0000 	0.0000 	0.0000 	0.0000 	0.0000 	0.0000 
0.0000 	0.0000 	0.0000 	0.0000 	0.0000 	0.0000 	0.0000 	0.0000 	0.0000 	0.0000 	0.0000 	0.0000 	0.0000 	0.0000 	0.0000 	0.0000 	0.0050 	0.0020 	0.0230 	0.0000 	0.0000 	0.0000 	0.0000 	0.0980 	0.0000 	0.1340 	0.0000 	0.0000 	0.0000 	0.0000 	0.0000 	0.0000 	0.0000 	0.0000 	0.0000 	0.0000 	0.0000 	0.0000 	0.0000 	0.0000 	0.0000 	0.0000 	0.0000 	0.0000 	0.0000 	0.0000 	0.0000 	0.0000 	0.0000 	0.0000 	0.0000 	0.0000 	0.0000 	0.0000 	0.0000 	0.0000 	0.0000 	0.0000 	0.0000 	0.0000 	0.0000 	0.0000 	0.0000 	0.0000 
0.0000 	0.0000 	0.0000 	0.0000 	0.0000 	0.0000 	0.0000 	0.0000 	0.0000 	0.0000 	0.0000 	0.0000 	0.0000 	0.0000 	0.0000 	0.0000 	0.0000 	0.0050 	0.0610 	0.0000 	0.0000 	0.0000 	0.0000 	0.0360 	0.0000 	0.3150 	0.0000 	0.0000 	0.0000 	0.0000 	0.0000 	0.0000 	0.0000 	0.0000 	0.0000 	0.0000 	0.0000 	0.0000 	0.0000 	0.0000 	0.0000 	0.0000 	0.0000 	0.0000 	0.0000 	0.0000 	0.0000 	0.0000 	0.0000 	0.0000 	0.0000 	0.0000 	0.0000 	0.0000 	0.0000 	0.0000 	0.0000 	0.0000 	0.0000 	0.0000 	0.0000 	0.0000 	0.0000 	0.0000 
0.0000 	0.0000 	0.0000 	0.0000 	0.0000 	0.0000 	0.0000 	0.0000 	0.0000 	0.0000 	0.0000 	0.0000 	0.0140 	0.0000 	0.0000 	0.0000 	0.0000 	0.0000 	0.0700 	0.0000 	0.0000 	0.0000 	0.0000 	0.0360 	0.8710 	0.6170 	0.0000 	0.0000 	0.0000 	0.0000 	0.0000 	0.0000 	0.0000 	0.0000 	0.0000 	0.0000 	0.0000 	0.0000 	0.0000 	0.0000 	0.0000 	0.0000 	0.0000 	0.0000 	0.0000 	0.0000 	0.0000 	0.0000 	0.0000 	0.0000 	0.0000 	0.0000 	0.0000 	0.0000 	0.0000 	0.0000 	0.0000 	0.0000 	0.0000 	0.0000 	0.0000 	0.0000 	0.0000 	0.0000 
0.0000 	0.0000 	0.0000 	0.0000 	0.0000 	0.0000 	0.0000 	0.0000 	0.0000 	0.0000 	0.0000 	0.0000 	0.0390 	0.0000 	0.0000 	0.0000 	0.0000 	0.0390 	0.0160 	0.0000 	0.0000 	0.0000 	0.0000 	0.0790 	0.6300 	0.3380 	0.0015 	0.0000 	0.0000 	0.0000 	0.0000 	0.0000 	0.0000 	0.0000 	0.0000 	0.0000 	0.0000 	0.0000 	0.0000 	0.0000 	0.0000 	0.0000 	0.0000 	0.0000 	0.0000 	0.0000 	0.0000 	0.0000 	0.0000 	0.0000 	0.0000 	0.0000 	0.0000 	0.0000 	0.0000 	0.0000 	0.0000 	0.0000 	0.0000 	0.0000 	0.0000 	0.0000 	0.0000 	0.0000 
0.0000 	0.0000 	0.0000 	0.0000 	0.0000 	0.0000 	0.0000 	0.0000 	0.0000 	0.0000 	0.0000 	0.0000 	0.0390 	0.0050 	0.0000 	0.0000 	0.0050 	0.0160 	0.0450 	0.0000 	0.0000 	0.0000 	0.0000 	0.0200 	0.7510 	0.3970 	0.0033 	0.0000 	0.0000 	0.0000 	0.0000 	0.0000 	0.0000 	0.0000 	0.0000 	0.0000 	0.0000 	0.0000 	0.0000 	0.0000 	0.0000 	0.0000 	0.0000 	0.0000 	0.0000 	0.0000 	0.0000 	0.0000 	0.0000 	0.0000 	0.0000 	0.0000 	0.0000 	0.0000 	0.0000 	0.0000 	0.0000 	0.0000 	0.0000 	0.0000 	0.0000 	0.0000 	0.0000 	0.0000 
0.0000 	0.0000 	0.0000 	0.0000 	0.0000 	0.0000 	0.0000 	0.0000 	0.0000 	0.0000 	0.0000 	0.0090 	0.0090 	0.0000 	0.0000 	0.0000 	0.0000 	0.0000 	0.0070 	0.0000 	0.0000 	0.0000 	0.0000 	0.0880 	0.5620 	0.3200 	0.0129 	0.0000 	0.0000 	0.0000 	0.0000 	0.0000 	0.0000 	0.0000 	0.0000 	0.0000 	0.0000 	0.0000 	0.0000 	0.0000 	0.0000 	0.0000 	0.0000 	0.0000 	0.0000 	0.0000 	0.0000 	0.0000 	0.0000 	0.0000 	0.0000 	0.0000 	0.0000 	0.0000 	0.0000 	0.0000 	0.0000 	0.0000 	0.0000 	0.0000 	0.0000 	0.0000 	0.0000 	0.0000 
0.0000 	0.0000 	0.0000 	0.0000 	0.0000 	0.0000 	0.0000 	0.0000 	0.0000 	0.0000 	0.0000 	0.0000 	0.0000 	0.0000 	0.0000 	0.0070 	0.0070 	0.0000 	0.0000 	0.0000 	0.0000 	0.0000 	0.0000 	0.0110 	0.4200 	0.3290 	0.0135 	0.0000 	0.0000 	0.0000 	0.0000 	0.0000 	0.0000 	0.0000 	0.0000 	0.0000 	0.0000 	0.0000 	0.0000 	0.0000 	0.0000 	0.0000 	0.0000 	0.0000 	0.0000 	0.0000 	0.0000 	0.0000 	0.0000 	0.0000 	0.0000 	0.0000 	0.0000 	0.0000 	0.0000 	0.0000 	0.0000 	0.0000 	0.0000 	0.0000 	0.0000 	0.0000 	0.0000 	0.0000 
0.0000 	0.0000 	0.0000 	0.0000 	0.0000 	0.0000 	0.0000 	0.0000 	0.0000 	0.0000 	0.0000 	0.0000 	0.0000 	0.0000 	0.0000 	0.0200 	0.0180 	0.0000 	0.0000 	0.0160 	0.0000 	0.0000 	0.0000 	0.1540 	0.2990 	0.2630 	0.0429 	0.0000 	0.0000 	0.0000 	0.0000 	0.0000 	0.0000 	0.0000 	0.0000 	0.0000 	0.0000 	0.0000 	0.0000 	0.0000 	0.0000 	0.0000 	0.0000 	0.0000 	0.0000 	0.0000 	0.0000 	0.0000 	0.0000 	0.0000 	0.0000 	0.0000 	0.0000 	0.0000 	0.0000 	0.0000 	0.0000 	0.0000 	0.0000 	0.0000 	0.0000 	0.0000 	0.0000 	0.0000 
0.0000 	0.0000 	0.0000 	0.0000 	0.0000 	0.0000 	0.0000 	0.0000 	0.0000 	0.0000 	0.0000 	0.0000 	0.0000 	0.0000 	0.0050 	0.2830 	0.1720 	0.1040 	0.0250 	0.0020 	0.0000 	0.0000 	0.0000 	0.0180 	0.1840 	0.3380 	0.0183 	0.0000 	0.0000 	0.0000 	0.0000 	0.0000 	0.0000 	0.0000 	0.0000 	0.0000 	0.0000 	0.0000 	0.0000 	0.0000 	0.0000 	0.0000 	0.0000 	0.0000 	0.0000 	0.0000 	0.0000 	0.0000 	0.0000 	0.0000 	0.0000 	0.0000 	0.0000 	0.0000 	0.0000 	0.0000 	0.0000 	0.0000 	0.0000 	0.0000 	0.0000 	0.0000 	0.0000 	0.0000 
0.0000 	0.0000 	0.0000 	0.0000 	0.0000 	0.0000 	0.0000 	0.0000 	0.0000 	0.0000 	0.0050 	0.0230 	0.0000 	0.0000 	0.0160 	0.1000 	0.3810 	0.1770 	0.0110 	0.0000 	0.0000 	0.0000 	0.0000 	0.0000 	0.2310 	0.6100 	0.0027 	0.0000 	0.0000 	0.0000 	0.0000 	0.0000 	0.0000 	0.0000 	0.0000 	0.0000 	0.0000 	0.0000 	0.0000 	0.0000 	0.0000 	0.0000 	0.0000 	0.0000 	0.0000 	0.0000 	0.0000 	0.0000 	0.0000 	0.0000 	0.0000 	0.0000 	0.0000 	0.0000 	0.0000 	0.0000 	0.0000 	0.0000 	0.0000 	0.0000 	0.0000 	0.0000 	0.0000 	0.0000 
0.0000 	0.0000 	0.0000 	0.0000 	0.0000 	0.0000 	0.0000 	0.0000 	0.0000 	0.0000 	0.0000 	0.0070 	0.0110 	0.0270 	0.0000 	0.0390 	0.1970 	0.3330 	0.1410 	0.0000 	0.0000 	0.0000 	0.0000 	0.0000 	0.3400 	0.8230 	0.0123 	0.0000 	0.0000 	0.0000 	0.0000 	0.0000 	0.0000 	0.0000 	0.0000 	0.0000 	0.0000 	0.0000 	0.0000 	0.0000 	0.0000 	0.0000 	0.0000 	0.0000 	0.0000 	0.0000 	0.0000 	0.0000 	0.0000 	0.0000 	0.0000 	0.0000 	0.0000 	0.0000 	0.0000 	0.0000 	0.0000 	0.0000 	0.0000 	0.0000 	0.0000 	0.0000 	0.0000 	0.0000 
0.0000 	0.0000 	0.0000 	0.0000 	0.0000 	0.0000 	0.0000 	0.0000 	0.0000 	0.0000 	0.0000 	0.0090 	0.0000 	0.0000 	0.0070 	0.0500 	0.1070 	0.2740 	0.1270 	0.0880 	0.0180 	0.0000 	0.0000 	0.0110 	0.4400 	0.8640 	0.0423 	0.0000 	0.0000 	0.0000 	0.0000 	0.0000 	0.0000 	0.0000 	0.0000 	0.0000 	0.0000 	0.0000 	0.0000 	0.0000 	0.0000 	0.0000 	0.0000 	0.0000 	0.0000 	0.0000 	0.0000 	0.0000 	0.0000 	0.0000 	0.0000 	0.0000 	0.0000 	0.0000 	0.0000 	0.0000 	0.0000 	0.0000 	0.0000 	0.0000 	0.0000 	0.0000 	0.0000 	0.0000 
0.0000 	0.0000 	0.0000 	0.0000 	0.0000 	0.0000 	0.0000 	0.0000 	0.0000 	0.0000 	0.0050 	0.0000 	0.0000 	0.0000 	0.0140 	0.0110 	0.1020 	0.4380 	0.2310 	0.1590 	0.0020 	0.0000 	0.0000 	0.0000 	0.4580 	0.6780 	0.0006 	0.0000 	0.0000 	0.0000 	0.0000 	0.0000 	0.0000 	0.0000 	0.0000 	0.0000 	0.0000 	0.0000 	0.0000 	0.0000 	0.0000 	0.0000 	0.0000 	0.0000 	0.0000 	0.0000 	0.0000 	0.0000 	0.0000 	0.0000 	0.0000 	0.0000 	0.0000 	0.0000 	0.0000 	0.0000 	0.0000 	0.0000 	0.0000 	0.0000 	0.0000 	0.0000 	0.0000 	0.0000 
0.0000 	0.0000 	0.0000 	0.0000 	0.0000 	0.0000 	0.0000 	0.0000 	0.0000 	0.0000 	0.0000 	0.0000 	0.0000 	0.0140 	0.0000 	0.0480 	0.1630 	0.2450 	0.0320 	0.0000 	0.0000 	0.0000 	0.0000 	0.0390 	0.6010 	0.5150 	0.0015 	0.0000 	0.0000 	0.0000 	0.0000 	0.0000 	0.0000 	0.0000 	0.0000 	0.0000 	0.0000 	0.0000 	0.0000 	0.0000 	0.0000 	0.0000 	0.0000 	0.0000 	0.0000 	0.0000 	0.0000 	0.0000 	0.0000 	0.0000 	0.0000 	0.0000 	0.0000 	0.0000 	0.0000 	0.0000 	0.0000 	0.0000 	0.0000 	0.0000 	0.0000 	0.0000 	0.0000 	0.0000 
0.0000 	0.0000 	0.0000 	0.0000 	0.0000 	0.0000 	0.0000 	0.0000 	0.0000 	0.0000 	0.0020 	0.0000 	0.0250 	0.0950 	0.0430 	0.0180 	0.0000 	0.0000 	0.0000 	0.0000 	0.0000 	0.0000 	0.0000 	0.0410 	0.8530 	0.5780 	0.0015 	0.0000 	0.0000 	0.0000 	0.0000 	0.0000 	0.0000 	0.0000 	0.0000 	0.0000 	0.0000 	0.0000 	0.0000 	0.0000 	0.0000 	0.0000 	0.0000 	0.0000 	0.0000 	0.0000 	0.0000 	0.0000 	0.0000 	0.0000 	0.0000 	0.0000 	0.0000 	0.0000 	0.0000 	0.0000 	0.0000 	0.0000 	0.0000 	0.0000 	0.0000 	0.0000 	0.0000 	0.0000 
0.0000 	0.0000 	0.0000 	0.0000 	0.0000 	0.0000 	0.0000 	0.0000 	0.0000 	0.0000 	0.0000 	0.0000 	0.0000 	0.0000 	0.0360 	0.0140 	0.0000 	0.0000 	0.0000 	0.0000 	0.0000 	0.0000 	0.0000 	0.0730 	0.9340 	0.4670 	0.0000 	0.0000 	0.0000 	0.0000 	0.0000 	0.0000 	0.0000 	0.0000 	0.0000 	0.0000 	0.0000 	0.0000 	0.0000 	0.0000 	0.0000 	0.0000 	0.0000 	0.0000 	0.0000 	0.0000 	0.0000 	0.0000 	0.0000 	0.0000 	0.0000 	0.0000 	0.0000 	0.0000 	0.0000 	0.0000 	0.0000 	0.0000 	0.0000 	0.0000 	0.0000 	0.0000 	0.0000 	0.0000 
0.0000 	0.0000 	0.0000 	0.0000 	0.0000 	0.0000 	0.0000 	0.0000 	0.0000 	0.0000 	0.0000 	0.0000 	0.0000 	0.0000 	0.0090 	0.0070 	0.0320 	0.0000 	0.0000 	0.0000 	0.0000 	0.0000 	0.0000 	0.0450 	0.9070 	0.3170 	0.0000 	0.0000 	0.0000 	0.0000 	0.0000 	0.0000 	0.0000 	0.0000 	0.0000 	0.0000 	0.0000 	0.0000 	0.0000 	0.0000 	0.0000 	0.0000 	0.0000 	0.0000 	0.0000 	0.0000 	0.0000 	0.0000 	0.0000 	0.0000 	0.0000 	0.0000 	0.0000 	0.0000 	0.0000 	0.0000 	0.0000 	0.0000 	0.0000 	0.0000 	0.0000 	0.0000 	0.0000 	0.0000 
0.0000 	0.0000 	0.0000 	0.0000 	0.0000 	0.0000 	0.0000 	0.0020 	0.0270 	0.0000 	0.0000 	0.0000 	0.0160 	0.0000 	0.0000 	0.1520 	0.1560 	0.0500 	0.0000 	0.0000 	0.0000 	0.0000 	0.1160 	0.1380 	0.7890 	0.3740 	0.0033 	0.0033 	0.0000 	0.0000 	0.0000 	0.0000 	0.0000 	0.0000 	0.0000 	0.0000 	0.0000 	0.0000 	0.0000 	0.0000 	0.0000 	0.0000 	0.0000 	0.0000 	0.0000 	0.0000 	0.0000 	0.0000 	0.0000 	0.0000 	0.0000 	0.0000 	0.0000 	0.0000 	0.0000 	0.0000 	0.0000 	0.0000 	0.0000 	0.0000 	0.0000 	0.0000 	0.0000 	0.0000 
0.0000 	0.0000 	0.0000 	0.0000 	0.0000 	0.0000 	0.0000 	0.0480 	0.0880 	0.0070 	0.0000 	0.0000 	0.0000 	0.0000 	0.0230 	0.1110 	0.0000 	0.0000 	0.0000 	0.0000 	0.0000 	0.0000 	0.0500 	0.1590 	0.8820 	0.2610 	0.0060 	0.0000 	0.0000 	0.0000 	0.0000 	0.0000 	0.0000 	0.0000 	0.0000 	0.0000 	0.0000 	0.0000 	0.0000 	0.0000 	0.0000 	0.0000 	0.0000 	0.0000 	0.0000 	0.0000 	0.0000 	0.0000 	0.0000 	0.0000 	0.0000 	0.0000 	0.0000 	0.0000 	0.0000 	0.0000 	0.0000 	0.0000 	0.0000 	0.0000 	0.0000 	0.0000 	0.0000 	0.0000 
0.0000 	0.0000 	0.0000 	0.0000 	0.0000 	0.0000 	0.0000 	0.0000 	0.0950 	0.1020 	0.0020 	0.0140 	0.0000 	0.0000 	0.0290 	0.0840 	0.0200 	0.0000 	0.0000 	0.0000 	0.0000 	0.0000 	0.1070 	0.2990 	0.7800 	0.0480 	0.0000 	0.0000 	0.0000 	0.0000 	0.0000 	0.0000 	0.0000 	0.0000 	0.0000 	0.0000 	0.0000 	0.0000 	0.0000 	0.0000 	0.0000 	0.0000 	0.0000 	0.0000 	0.0000 	0.0000 	0.0000 	0.0000 	0.0000 	0.0000 	0.0000 	0.0000 	0.0000 	0.0000 	0.0000 	0.0000 	0.0000 	0.0000 	0.0000 	0.0000 	0.0000 	0.0000 	0.0000 	0.0000 
0.0000 	0.0000 	0.0000 	0.0000 	0.0000 	0.0000 	0.0000 	0.0000 	0.0070 	0.0090 	0.0000 	0.0000 	0.0000 	0.0000 	0.0000 	0.0000 	0.0000 	0.0000 	0.0000 	0.0000 	0.0000 	0.0000 	0.0480 	0.4100 	0.6350 	0.0090 	0.0000 	0.0000 	0.0000 	0.0000 	0.0000 	0.0000 	0.0000 	0.0000 	0.0000 	0.0000 	0.0000 	0.0000 	0.0000 	0.0000 	0.0000 	0.0000 	0.0000 	0.0000 	0.0000 	0.0000 	0.0000 	0.0000 	0.0000 	0.0000 	0.0000 	0.0000 	0.0000 	0.0000 	0.0000 	0.0000 	0.0000 	0.0000 	0.0000 	0.0000 	0.0000 	0.0000 	0.0000 	0.0000 
0.0000 	0.0000 	0.0000 	0.0000 	0.0000 	0.0000 	0.0090 	0.0000 	0.0000 	0.0000 	0.0000 	0.0000 	0.0000 	0.0000 	0.0000 	0.0000 	0.0000 	0.0000 	0.0000 	0.0000 	0.0000 	0.0000 	0.0270 	0.3900 	0.5800 	0.0000 	0.0000 	0.0000 	0.0000 	0.0000 	0.0000 	0.0000 	0.0000 	0.0000 	0.0000 	0.0000 	0.0000 	0.0000 	0.0000 	0.0000 	0.0000 	0.0000 	0.0000 	0.0000 	0.0000 	0.0000 	0.0000 	0.0000 	0.0000 	0.0000 	0.0000 	0.0000 	0.0000 	0.0000 	0.0000 	0.0000 	0.0000 	0.0000 	0.0000 	0.0000 	0.0000 	0.0000 	0.0000 	0.0000 
0.0000 	0.0000 	0.0000 	0.0000 	0.0000 	0.0000 	0.0000 	0.0000 	0.0000 	0.0000 	0.0000 	0.0000 	0.0000 	0.0000 	0.0000 	0.0000 	0.0000 	0.0000 	0.0000 	0.0000 	0.0000 	0.0000 	0.0160 	0.6050 	0.7410 	0.0160 	0.0000 	0.0000 	0.0000 	0.0000 	0.0000 	0.0000 	0.0000 	0.0000 	0.0000 	0.0000 	0.0000 	0.0000 	0.0000 	0.0000 	0.0000 	0.0000 	0.0000 	0.0000 	0.0000 	0.0000 	0.0000 	0.0000 	0.0000 	0.0000 	0.0000 	0.0000 	0.0000 	0.0000 	0.0000 	0.0000 	0.0000 	0.0000 	0.0000 	0.0000 	0.0000 	0.0000 	0.0000 	0.0000 
0.0000 	0.0000 	0.0000 	0.0000 	0.0000 	0.0000 	0.0390 	0.0410 	0.0000 	0.0000 	0.0000 	0.0000 	0.0000 	0.0000 	0.0000 	0.0000 	0.0000 	0.0000 	0.0000 	0.0000 	0.0000 	0.0000 	0.0020 	0.6190 	0.5600 	0.0027 	0.0000 	0.0000 	0.0000 	0.0000 	0.0000 	0.0000 	0.0000 	0.0000 	0.0000 	0.0000 	0.0000 	0.0000 	0.0000 	0.0000 	0.0000 	0.0000 	0.0000 	0.0000 	0.0000 	0.0000 	0.0000 	0.0000 	0.0000 	0.0000 	0.0000 	0.0000 	0.0000 	0.0000 	0.0000 	0.0000 	0.0000 	0.0000 	0.0000 	0.0000 	0.0000 	0.0000 	0.0000 	0.0000 
0.0000 	0.0000 	0.0000 	0.0000 	0.0000 	0.0000 	0.0000 	0.0360 	0.0000 	0.0000 	0.0000 	0.0000 	0.0000 	0.0000 	0.0000 	0.0000 	0.0000 	0.0000 	0.0000 	0.0000 	0.0000 	0.0000 	0.0180 	0.7390 	0.7960 	0.0015 	0.0000 	0.0000 	0.0000 	0.0000 	0.0000 	0.0000 	0.0000 	0.0000 	0.0000 	0.0000 	0.0000 	0.0000 	0.0000 	0.0000 	0.0000 	0.0000 	0.0000 	0.0000 	0.0000 	0.0000 	0.0000 	0.0000 	0.0000 	0.0000 	0.0000 	0.0000 	0.0000 	0.0000 	0.0000 	0.0000 	0.0000 	0.0000 	0.0000 	0.0000 	0.0000 	0.0000 	0.0000 	0.0000 
0.0000 	0.0000 	0.0000 	0.0000 	0.0000 	0.0000 	0.0000 	0.0070 	0.0090 	0.0180 	0.0070 	0.0000 	0.0000 	0.0000 	0.0000 	0.0000 	0.0000 	0.0000 	0.0000 	0.0000 	0.0000 	0.0000 	0.1450 	0.8820 	0.7260 	0.0087 	0.0000 	0.0000 	0.0000 	0.0000 	0.0000 	0.0000 	0.0000 	0.0000 	0.0000 	0.0000 	0.0000 	0.0000 	0.0000 	0.0000 	0.0000 	0.0000 	0.0000 	0.0000 	0.0000 	0.0000 	0.0000 	0.0000 	0.0000 	0.0000 	0.0000 	0.0000 	0.0000 	0.0000 	0.0000 	0.0000 	0.0000 	0.0000 	0.0000 	0.0000 	0.0000 	0.0000 	0.0000 	0.0000 
0.0000 	0.0000 	0.0000 	0.0000 	0.0000 	0.0000 	0.0000 	0.0020 	0.0820 	0.1560 	0.0730 	0.0000 	0.0000 	0.0000 	0.0000 	0.0000 	0.0000 	0.0000 	0.0000 	0.0000 	0.0000 	0.0730 	0.4720 	0.7070 	0.5620 	0.0102 	0.0000 	0.0000 	0.0000 	0.0000 	0.0000 	0.0000 	0.0000 	0.0000 	0.0000 	0.0000 	0.0000 	0.0000 	0.0000 	0.0000 	0.0000 	0.0000 	0.0000 	0.0000 	0.0000 	0.0000 	0.0000 	0.0000 	0.0000 	0.0000 	0.0000 	0.0000 	0.0000 	0.0000 	0.0000 	0.0000 	0.0000 	0.0000 	0.0000 	0.0000 	0.0000 	0.0000 	0.0000 	0.0000 
0.0000 	0.0000 	0.0000 	0.0000 	0.0000 	0.0000 	0.0000 	0.0050 	0.0290 	0.0730 	0.0750 	0.0000 	0.0000 	0.0000 	0.0000 	0.0140 	0.0000 	0.0000 	0.0000 	0.0000 	0.0000 	0.2680 	0.5220 	0.2310 	0.0360 	0.0510 	0.0000 	0.0000 	0.0000 	0.0000 	0.0000 	0.0000 	0.0000 	0.0000 	0.0000 	0.0000 	0.0000 	0.0000 	0.0000 	0.0000 	0.0000 	0.0000 	0.0000 	0.0000 	0.0000 	0.0000 	0.0000 	0.0000 	0.0000 	0.0000 	0.0000 	0.0000 	0.0000 	0.0000 	0.0000 	0.0000 	0.0000 	0.0000 	0.0000 	0.0000 	0.0000 	0.0000 	0.0000 	0.0000 
0.0000 	0.0000 	0.0000 	0.0000 	0.0000 	0.0000 	0.0000 	0.0070 	0.0290 	0.1430 	0.1040 	0.0000 	0.0200 	0.0050 	0.0340 	0.0500 	0.0000 	0.0000 	0.0000 	0.0020 	0.0000 	0.3020 	0.3720 	0.8660 	0.3290 	0.0144 	0.0000 	0.0000 	0.0000 	0.0000 	0.0000 	0.0000 	0.0000 	0.0000 	0.0000 	0.0000 	0.0000 	0.0000 	0.0000 	0.0000 	0.0000 	0.0000 	0.0000 	0.0000 	0.0000 	0.0000 	0.0000 	0.0000 	0.0000 	0.0000 	0.0000 	0.0000 	0.0000 	0.0000 	0.0000 	0.0000 	0.0000 	0.0000 	0.0000 	0.0000 	0.0000 	0.0000 	0.0000 	0.0000 
0.0000 	0.0000 	0.0000 	0.0000 	0.0000 	0.0000 	0.0000 	0.0140 	0.0610 	0.0910 	0.0000 	0.0250 	0.0340 	0.0790 	0.1540 	0.0730 	0.0000 	0.0000 	0.0230 	0.0090 	0.0050 	0.4540 	0.4970 	0.6780 	0.1680 	0.0204 	0.0000 	0.0000 	0.0000 	0.0000 	0.0000 	0.0000 	0.0000 	0.0000 	0.0000 	0.0000 	0.0000 	0.0000 	0.0000 	0.0000 	0.0000 	0.0000 	0.0000 	0.0000 	0.0000 	0.0000 	0.0000 	0.0000 	0.0000 	0.0000 	0.0000 	0.0000 	0.0000 	0.0000 	0.0000 	0.0000 	0.0000 	0.0000 	0.0000 	0.0000 	0.0000 	0.0000 	0.0000 	0.0000 
0.0000 	0.0000 	0.0000 	0.0000 	0.0000 	0.0000 	0.0000 	0.0050 	0.0110 	0.2090 	0.0000 	0.0000 	0.0610 	0.1160 	0.3310 	0.3110 	0.0050 	0.0000 	0.0000 	0.0000 	0.2630 	0.4670 	0.6800 	0.5940 	0.0180 	0.0162 	0.0000 	0.0000 	0.0000 	0.0000 	0.0000 	0.0000 	0.0000 	0.0000 	0.0000 	0.0000 	0.0000 	0.0000 	0.0000 	0.0000 	0.0000 	0.0000 	0.0000 	0.0000 	0.0000 	0.0000 	0.0000 	0.0000 	0.0000 	0.0000 	0.0000 	0.0000 	0.0000 	0.0000 	0.0000 	0.0000 	0.0000 	0.0000 	0.0000 	0.0000 	0.0000 	0.0000 	0.0000 	0.0000 
0.0000 	0.0000 	0.0000 	0.0000 	0.0000 	0.0000 	0.0000 	0.0020 	0.0200 	0.0000 	0.0000 	0.0000 	0.0790 	0.2090 	0.2110 	0.0070 	0.0000 	0.0050 	0.0070 	0.0000 	0.0360 	0.5310 	0.5710 	0.3850 	0.0770 	0.0033 	0.0000 	0.0000 	0.0000 	0.0000 	0.0000 	0.0000 	0.0000 	0.0000 	0.0000 	0.0000 	0.0000 	0.0000 	0.0000 	0.0000 	0.0000 	0.0000 	0.0000 	0.0000 	0.0000 	0.0000 	0.0000 	0.0000 	0.0000 	0.0000 	0.0000 	0.0000 	0.0000 	0.0000 	0.0000 	0.0000 	0.0000 	0.0000 	0.0000 	0.0000 	0.0000 	0.0000 	0.0000 	0.0000 
0.0000 	0.0000 	0.0000 	0.0000 	0.0000 	0.0000 	0.0050 	0.0160 	0.0110 	0.0000 	0.0360 	0.0000 	0.1130 	0.2560 	0.0050 	0.0000 	0.0000 	0.0000 	0.0000 	0.0000 	0.0000 	0.1340 	0.7480 	0.4810 	0.1270 	0.0006 	0.0000 	0.0000 	0.0000 	0.0000 	0.0000 	0.0000 	0.0000 	0.0000 	0.0000 	0.0000 	0.0000 	0.0000 	0.0000 	0.0000 	0.0000 	0.0000 	0.0000 	0.0000 	0.0000 	0.0000 	0.0000 	0.0000 	0.0000 	0.0000 	0.0000 	0.0000 	0.0000 	0.0000 	0.0000 	0.0000 	0.0000 	0.0000 	0.0000 	0.0000 	0.0000 	0.0000 	0.0000 	0.0000 
0.0000 	0.0000 	0.0000 	0.0000 	0.0000 	0.0000 	0.0230 	0.0340 	0.2020 	0.0770 	0.0000 	0.0020 	0.1770 	0.0610 	0.0000 	0.0000 	0.0000 	0.0000 	0.0000 	0.0000 	0.0000 	0.0140 	0.4940 	0.9460 	0.1212 	0.0000 	0.0000 	0.0000 	0.0000 	0.0000 	0.0000 	0.0000 	0.0000 	0.0000 	0.0000 	0.0000 	0.0000 	0.0000 	0.0000 	0.0000 	0.0000 	0.0000 	0.0000 	0.0000 	0.0000 	0.0000 	0.0000 	0.0000 	0.0000 	0.0000 	0.0000 	0.0000 	0.0000 	0.0000 	0.0000 	0.0000 	0.0000 	0.0000 	0.0000 	0.0000 	0.0000 	0.0000 	0.0000 	0.0000 
0.0000 	0.0000 	0.0000 	0.0000 	0.0000 	0.0000 	0.0000 	0.0200 	0.1290 	0.1750 	0.0250 	0.0000 	0.0140 	0.1930 	0.0680 	0.0000 	0.0000 	0.0000 	0.0000 	0.0000 	0.0000 	0.0180 	0.2720 	0.8390 	0.0858 	0.0000 	0.0000 	0.0000 	0.0000 	0.0000 	0.0000 	0.0000 	0.0000 	0.0000 	0.0000 	0.0000 	0.0000 	0.0000 	0.0000 	0.0000 	0.0000 	0.0000 	0.0000 	0.0000 	0.0000 	0.0000 	0.0000 	0.0000 	0.0000 	0.0000 	0.0000 	0.0000 	0.0000 	0.0000 	0.0000 	0.0000 	0.0000 	0.0000 	0.0000 	0.0000 	0.0000 	0.0000 	0.0000 	0.0000 
0.0000 	0.0000 	0.0000 	0.0000 	0.0000 	0.0000 	0.0000 	0.0000 	0.0000 	0.0000 	0.0000 	0.0000 	0.0270 	0.0770 	0.0290 	0.0000 	0.0000 	0.0000 	0.0000 	0.0000 	0.0000 	0.0570 	0.3240 	0.8550 	0.1137 	0.0054 	0.0000 	0.0000 	0.0000 	0.0000 	0.0000 	0.0000 	0.0000 	0.0000 	0.0000 	0.0000 	0.0000 	0.0000 	0.0000 	0.0000 	0.0000 	0.0000 	0.0000 	0.0000 	0.0000 	0.0000 	0.0000 	0.0000 	0.0000 	0.0000 	0.0000 	0.0000 	0.0000 	0.0000 	0.0000 	0.0000 	0.0000 	0.0000 	0.0000 	0.0000 	0.0000 	0.0000 	0.0000 	0.0000 
0.0000 	0.0000 	0.0000 	0.0000 	0.0000 	0.0000 	0.0000 	0.0000 	0.0000 	0.0110 	0.0000 	0.0000 	0.0000 	0.0050 	0.0630 	0.0160 	0.0000 	0.0000 	0.0000 	0.0000 	0.0000 	0.0520 	0.3700 	0.9180 	0.0627 	0.0000 	0.0000 	0.0000 	0.0000 	0.0000 	0.0000 	0.0000 	0.0000 	0.0000 	0.0000 	0.0000 	0.0000 	0.0000 	0.0000 	0.0000 	0.0000 	0.0000 	0.0000 	0.0000 	0.0000 	0.0000 	0.0000 	0.0000 	0.0000 	0.0000 	0.0000 	0.0000 	0.0000 	0.0000 	0.0000 	0.0000 	0.0000 	0.0000 	0.0000 	0.0000 	0.0000 	0.0000 	0.0000 	0.0000 
0.0000 	0.0000 	0.0000 	0.0000 	0.0000 	0.0000 	0.0000 	0.0000 	0.0000 	0.0000 	0.0000 	0.0000 	0.0000 	0.0000 	0.0000 	0.0790 	0.0000 	0.0000 	0.0000 	0.0000 	0.0000 	0.1220 	0.4010 	0.9860 	0.1149 	0.0000 	0.0000 	0.0000 	0.0000 	0.0000 	0.0000 	0.0000 	0.0000 	0.0000 	0.0000 	0.0000 	0.0000 	0.0000 	0.0000 	0.0000 	0.0000 	0.0000 	0.0000 	0.0000 	0.0000 	0.0000 	0.0000 	0.0000 	0.0000 	0.0000 	0.0000 	0.0000 	0.0000 	0.0000 	0.0000 	0.0000 	0.0000 	0.0000 	0.0000 	0.0000 	0.0000 	0.0000 	0.0000 	0.0000 
0.0000 	0.0000 	0.0000 	0.0000 	0.0000 	0.0000 	0.0000 	0.0000 	0.0000 	0.0000 	0.0000 	0.0000 	0.0000 	0.0000 	0.0000 	0.0000 	0.0450 	0.0090 	0.0000 	0.0000 	0.0000 	0.1560 	0.4720 	0.9070 	0.1062 	0.0054 	0.0000 	0.0000 	0.0000 	0.0000 	0.0000 	0.0000 	0.0000 	0.0000 	0.0000 	0.0000 	0.0000 	0.0000 	0.0000 	0.0000 	0.0000 	0.0000 	0.0000 	0.0000 	0.0000 	0.0000 	0.0000 	0.0000 	0.0000 	0.0000 	0.0000 	0.0000 	0.0000 	0.0000 	0.0000 	0.0000 	0.0000 	0.0000 	0.0000 	0.0000 	0.0000 	0.0000 	0.0000 	0.0000 
0.0000 	0.0000 	0.0000 	0.0000 	0.0000 	0.0000 	0.0000 	0.0000 	0.0000 	0.0000 	0.0000 	0.0000 	0.0000 	0.0000 	0.0000 	0.0000 	0.0230 	0.0230 	0.0000 	0.0000 	0.0000 	0.1500 	0.7070 	0.5650 	0.0981 	0.0015 	0.0000 	0.0000 	0.0000 	0.0000 	0.0000 	0.0000 	0.0000 	0.0000 	0.0000 	0.0000 	0.0000 	0.0000 	0.0000 	0.0000 	0.0000 	0.0000 	0.0000 	0.0000 	0.0000 	0.0000 	0.0000 	0.0000 	0.0000 	0.0000 	0.0000 	0.0000 	0.0000 	0.0000 	0.0000 	0.0000 	0.0000 	0.0000 	0.0000 	0.0000 	0.0000 	0.0000 	0.0000 	0.0000 
0.0000 	0.0000 	0.0000 	0.0000 	0.0000 	0.0000 	0.0000 	0.0000 	0.0000 	0.0000 	0.0000 	0.0000 	0.0000 	0.0000 	0.0000 	0.0000 	0.0290 	0.1770 	0.0020 	0.0000 	0.0000 	0.1250 	0.8340 	0.9640 	0.1530 	0.0000 	0.0000 	0.0000 	0.0000 	0.0000 	0.0000 	0.0000 	0.0000 	0.0000 	0.0000 	0.0000 	0.0000 	0.0000 	0.0000 	0.0000 	0.0000 	0.0000 	0.0000 	0.0000 	0.0000 	0.0000 	0.0000 	0.0000 	0.0000 	0.0000 	0.0000 	0.0000 	0.0000 	0.0000 	0.0000 	0.0000 	0.0000 	0.0000 	0.0000 	0.0000 	0.0000 	0.0000 	0.0000 	0.0000 
0.0000 	0.0000 	0.0000 	0.0000 	0.0000 	0.0290 	0.0020 	0.0000 	0.0000 	0.0000 	0.0000 	0.0000 	0.0000 	0.0000 	0.0000 	0.0000 	0.0000 	0.0270 	0.0050 	0.0000 	0.0000 	0.0750 	0.5800 	0.8590 	0.0435 	0.0000 	0.0000 	0.0000 	0.0000 	0.0000 	0.0000 	0.0000 	0.0000 	0.0000 	0.0000 	0.0000 	0.0000 	0.0000 	0.0000 	0.0000 	0.0000 	0.0000 	0.0000 	0.0000 	0.0000 	0.0000 	0.0000 	0.0000 	0.0000 	0.0000 	0.0000 	0.0000 	0.0000 	0.0000 	0.0000 	0.0000 	0.0000 	0.0000 	0.0000 	0.0000 	0.0000 	0.0000 	0.0000 	0.0000 
0.0000 	0.0000 	0.0000 	0.0000 	0.0000 	0.0340 	0.0000 	0.0000 	0.0000 	0.0000 	0.0000 	0.0000 	0.0000 	0.0000 	0.0000 	0.0000 	0.0000 	0.0000 	0.0000 	0.0000 	0.0750 	0.3470 	0.8980 	0.7480 	0.0060 	0.0000 	0.0000 	0.0000 	0.0000 	0.0000 	0.0000 	0.0000 	0.0000 	0.0000 	0.0000 	0.0000 	0.0000 	0.0000 	0.0000 	0.0000 	0.0000 	0.0000 	0.0000 	0.0000 	0.0000 	0.0000 	0.0000 	0.0000 	0.0000 	0.0000 	0.0000 	0.0000 	0.0000 	0.0000 	0.0000 	0.0000 	0.0000 	0.0000 	0.0000 	0.0000 	0.0000 	0.0000 	0.0000 	0.0000 
0.0000 	0.0000 	0.0000 	0.0590 	0.0090 	0.0000 	0.0000 	0.0000 	0.0000 	0.0000 	0.0000 	0.0000 	0.0000 	0.0000 	0.0000 	0.0000 	0.0000 	0.0180 	0.0200 	0.1040 	0.4130 	0.5580 	0.9980 	0.6670 	0.0006 	0.0000 	0.0000 	0.0000 	0.0000 	0.0000 	0.0000 	0.0000 	0.0000 	0.0000 	0.0000 	0.0000 	0.0000 	0.0000 	0.0000 	0.0000 	0.0000 	0.0000 	0.0000 	0.0000 	0.0000 	0.0000 	0.0000 	0.0000 	0.0000 	0.0000 	0.0000 	0.0000 	0.0000 	0.0000 	0.0000 	0.0000 	0.0000 	0.0000 	0.0000 	0.0000 	0.0000 	0.0000 	0.0000 	0.0000 
0.0000 	0.0000 	0.0000 	0.0160 	0.0250 	0.0000 	0.0000 	0.0000 	0.0000 	0.0000 	0.0000 	0.0000 	0.0000 	0.0000 	0.0000 	0.0000 	0.0000 	0.2560 	0.4580 	0.3760 	0.1340 	0.8100 	0.2958 	0.1707 	0.0123 	0.0027 	0.0000 	0.0000 	0.0000 	0.0000 	0.0000 	0.0000 	0.0000 	0.0000 	0.0000 	0.0000 	0.0000 	0.0000 	0.0000 	0.0000 	0.0000 	0.0000 	0.0000 	0.0000 	0.0000 	0.0000 	0.0000 	0.0000 	0.0000 	0.0000 	0.0000 	0.0000 	0.0000 	0.0000 	0.0000 	0.0000 	0.0000 	0.0000 	0.0000 	0.0000 	0.0000 	0.0000 	0.0000 	0.0000 
0.0090 	0.0090 	0.0000 	0.0250 	0.0070 	0.0000 	0.0000 	0.0000 	0.0000 	0.0000 	0.0000 	0.0000 	0.0000 	0.0000 	0.0000 	0.0000 	0.0000 	0.3130 	0.2180 	0.3450 	0.6280 	0.9270 	0.2931 	0.1401 	0.0069 	0.0000 	0.0000 	0.0000 	0.0000 	0.0000 	0.0000 	0.0000 	0.0000 	0.0000 	0.0000 	0.0000 	0.0000 	0.0000 	0.0000 	0.0000 	0.0000 	0.0000 	0.0000 	0.0000 	0.0000 	0.0000 	0.0000 	0.0000 	0.0000 	0.0000 	0.0000 	0.0000 	0.0000 	0.0000 	0.0000 	0.0000 	0.0000 	0.0000 	0.0000 	0.0000 	0.0000 	0.0000 	0.0000 	0.0000 
0.0000 	0.0070 	0.0200 	0.0090 	0.0000 	0.0140 	0.0000 	0.0000 	0.0000 	0.0000 	0.0000 	0.0000 	0.0000 	0.0000 	0.0000 	0.0000 	0.1070 	0.2790 	0.1070 	0.7170 	0.9460 	1.0000 	0.2490 	0.0087 	0.0000 	0.0000 	0.0000 	0.0000 	0.0000 	0.0000 	0.0000 	0.0000 	0.0000 	0.0000 	0.0000 	0.0000 	0.0000 	0.0000 	0.0000 	0.0000 	0.0000 	0.0000 	0.0000 	0.0000 	0.0000 	0.0000 	0.0000 	0.0000 	0.0000 	0.0000 	0.0000 	0.0000 	0.0000 	0.0000 	0.0000 	0.0000 	0.0000 	0.0000 	0.0000 	0.0000 	0.0000 	0.0000 	0.0000 	0.0000 
