431 
431 
417 
422 
414 
417 
428 
417 
419 
419 
433 
433 
428 
436 
439 
442 
442 
439 
436 
433 
428 
433 
428 
428 
433 
425 
436 
431 
425 
425 
439 
431 
414 
428 
422 
422 
425 
428 
433 
428 
428 
425 
422 
425 
422 
419 
431 
431 
431 
431 
433 
436 
436 
436 
431 
431 
428 
428 
431 
431 
433 
436 
433 
433 
436 
433 
439 
436 
436 
439 
442 
428 
431 
433 
431 
428 
447 
442 
447 
442 
431 
439 
428 
436 
436 
431 
431 
428 
431 
431 
431 
431 
433 
436 
433 
431 
431 
428 
431 
433 
442 
433 
419 
419 
439 
433 
433 
439 
436 
436 
431 
431 
433 
433 
428 
436 
431 
431 
444 
425 
431 
428 
425 
436 
425 
425 
433 
428 
425 
425 
422 
428 
431 
425 
425 
439 
428 
425 
425 
422 
419 
419 
425 
419 
425 
419 
417 
428 
419 
411 
419 
414 
431 
417 
414 
417 
417 
428 
431 
419 
425 
428 
419 
417 
411 
411 
411 
414 
414 
414 
414 
417 
417 
414 
414 
414 
419 
431 
444 
442 
439 
453 
458 
464 
456 
461 
453 
431 
425 
425 
433 
428 
425 
422 
422 
422 
422 
425 
422 
425 
439 
444 
439 
439 
442 
444 
450 
444 
447 
447 
450 
447 
447 
442 
447 
436 
439 
439 
439 
431 
433 
436 
433 
436 
439 
444 
447 
447 
450 
450 
447 
447 
447 
444 
444 
444 
447 
439 
428 
422 
433 
422 
439 
436 
436 
444 
442 
444 
439 
442 
442 
447 
442 
447 
450 
447 
447 
447 
442 
444 
444 
447 
444 
444 
444 
442 
442 
444 
444 
444 
444 
444 
442 
439 
442 
442 
447 
450 
439 
447 
442 
442 
436 
433 
433 
439 
442 
433 
439 
450 
439 
439 
444 
447 
439 
439 
439 
439 
436 
431 
436 
433 
433 
431 
436 
436 
433 
431 
436 
436 
450 
439 
444 
439 
444 
450 
444 
447 
447 
442 
433 
431 
422 
425 
425 
425 
428 
428 
428 
422 
422 
428 
417 
425 
425 
422 
425 
425 
422 
419 
417 
417 
414 
425 
417 
419 
414 
417 
428 
425 
433 
442 
439 
444 
436 
425 
428 
428 
428 
414 
425 
425 
425 
422 
428 
433 
442 
444 
442 
444 
442 
447 
450 
444 
444 
444 
444 
439 
439 
444 
447 
442 
442 
442 
442 
444 
439 
439 
447 
447 
447 
444 
439 
433 
442 
436 
428 
433 
447 
442 
447 
444 
447 
447 
447 
444 
439 
447 
450 
447 
433 
433 
431 
431 
431 
431 
433 
428 
431 
439 
453 
453 
450 
444 
442 
444 
439 
433 
439 
439 
444 
436 
425 
428 
433 
439 
436 
442 
436 
436 
442 
439 
431 
444 
458 
442 
431 
436 
442 
431 
431 
433 
428 
422 
428 
431 
425 
417 
422 
425 
428 
433 
425 
436 
439 
425 
431 
428 
431 
422 
422 
433 
425 
419 
428 
439 
433 
422 
431 
428 
433 
436 
431 
433 
442 
442 
433 
419 
425 
428 
425 
431 
444 
433 
439 
436 
428 
428 
444 
436 
439 
428 
431 
433 
439 
436 
444 
439 
431 
439 
447 
442 
433 
425 
428 
422 
439 
442 
447 
428 
428 
422 
425 
425 
419 
428 
425 
431 
431 
425 
425 
436 
425 
428 
422 
425 
422 
419 
419 
422 
428 
428 
428 
431 
425 
422 
422 
419 
422 
419 
414 
414 
414 
419 
419 
411 
411 
411 
406 
411 
408 
411 
411 
411 
414 
417 
422 
422 
422 
422 
419 
417 
417 
428 
431 
419 
419 
419 
422 
422 
428 
433 
431 
414 
428 
428 
425 
431 
422 
425 
425 
422 
422 
428 
436 
431 
425 
433 
436 
447 
433 
425 
422 
425 
422 
431 
422 
422 
425 
436 
433 
442 
431 
417 
417 
419 
419 
422 
425 
422 
419 
419 
425 
417 
414 
419 
414 
422 
414 
417 
411 
406 
408 
414 
417 
414 
419 
453 
458 
453 
447 
431 
425 
419 
411 
411 
414 
411 
414 
406 
408 
406 
408 
408 
411 
408 
411 
431 
436 
431 
428 
431 
431 
431 
425 
419 
419 
417 
419 
417 
414 
414 
411 
408 
408 
411 
411 
439 
442 
431 
422 
417 
431 
442 
444 
425 
442 
428 
431 
433 
439 
425 
411 
414 
422 
428 
411 
408 
422 
417 
431 
439 
444 
439 
428 
442 
439 
444 
453 
453 
453 
450 
450 
447 
447 
447 
450 
450 
450 
450 
450 
447 
447 
447 
447 
444 
444 
453 
456 
450 
453 
439 
439 
431 
439 
433 
431 
425 
428 
419 
417 
417 
419 
419 
422 
422 
419 
422 
419 
417 
417 
417 
417 
419 
425 
425 
425 
425 
425 
422 
419 
425 
431 
436 
428 
419 
428 
419 
417 
411 
417 
439 
431 
419 
419 
422 
425 
431 
425 
419 
408 
406 
403 
403 
400 
400 
403 
403 
406 
408 
414 
419 
411 
411 
403 
403 
400 
400 
400 
400 
414 
414 
406 
411 
414 
406 
403 
408 
408 
408 
406 
403 
400 
400 
397 
394 
394 
397 
397 
397 
394 
394 
389 
392 
394 
403 
419 
431 
442 
442 
444 
439 
442 
433 
411 
403 
403 
406 
406 
425 
422 
433 
431 
431 
431 
436 
417 
414 
417 
439 
431 
439 
436 
442 
444 
433 
422 
422 
425 
433 
442 
439 
439 
436 
414 
422 
403 
403 
414 
422 
433 
433 
436 
433 
433 
433 
442 
436 
436 
444 
422 
422 
419 
408 
408 
394 
394 
394 
392 
392 
394 
406 
397 
394 
394 
394 
394 
403 
400 
400 
403 
400 
400 
400 
400 
400 
400 
400 
400 
400 
400 
400 
403 
400 
403 
403 
392 
392 
392 
389 
392 
392 
397 
397 
397 
408 
425 
417 
428 
406 
397 
397 
403 
403 
394 
394 
394 
397 
394 
392 
389 
389 
389 
389 
389 
397 
397 
403 
408 
408 
406 
406 
408 
411 
411 
431 
447 
439 
439 
436 
439 
442 
428 
422 
442 
428 
425 
433 
444 
428 
436 
436 
425 
433 
453 
447 
450 
444 
428 
422 
444 
425 
419 
417 
417 
428 
419 
425 
408 
406 
406 
411 
408 
419 
428 
428 
436 
431 
419 
428 
422 
422 
422 
417 
406 
400 
400 
403 
406 
