frc_time	Pair	Uwind	Vwind	Tair	Qair	rain	swrad	cloud	SST
0	1009.900024	-2.083491087	-1.870578766	28.79999924	83	0	0	0	29
0.041666668	1009.700012	-1.93467021	-1.736966014	28.79999924	85	0	0	0.033333335	29
0.083333336	1009.299988	-1.562618256	-1.402934074	28.5	86	0	0	0.06666667	29
0.125	1009.200012	-2.083491087	-1.870578766	28.5	86	0	0	0.100000001	29
0.166666672	1009	-1.488207936	-1.336127758	28.39999962	86	0	0	0.13333334	29
0.208333328	1008.700012	-1.266288519	-2.608929634	28.10000038	87	0	0	0.166666672	29
0.25	1008.900024	-0.785972238	-1.619335532	28	88	0	5.555555344	0.200000003	29
0.291666657	1009.299988	-0.87330246	-1.799261689	28.10000038	88	0	63.88888931	0.333333343	29
0.333333343	1009.5	-1.190566301	-1.068902135	29.20000076	82	0	230.5555573	0.466666669	29
0.375	1009.900024	-1.26497674	-1.13570857	29.5	82	0	336.1111145	0.600000024	29
0.416666657	1010.200012	-4.495833397	0.193600044	31.10000038	73	0	655.555542	0.566666663	29
0.458333343	1010	-3.19703722	0.137671143	32	69	0	905.555542	0.533333361	29
0.5	1009.900024	-3.817034006	1.75221312	32.5	70	0	1036.111084	0.5	29
0.541666687	1009.400024	-2.999098301	1.376738906	31.60000038	70	0	519.444458	0.5	29
0.583333313	1009	-3.077637434	3.283009052	32.29999924	68	0	1036.111084	0.5	29
0.625	1009	-1.637028694	-1.46974051	29.70000076	76	0	475	0.5	29
0.666666687	1008.700012	0.038728975	1.799583316	31.79999924	71	0	286.1111145	0.533333361	29
0.708333313	1008.700012	-1.846582413	1.96980536	30.79999924	74	0	450	0.566666663	29
0.75	1008.599976	-2.362925768	1.084703326	30.29999924	74	0	172.222229	0.600000024	29
0.791666687	1009	-2.272044182	1.042984009	30.10000038	76	0	61.11111069	0.566666663	29
0.833333313	1009.400024	-2.197962999	0.094648913	30	77	0	13.88888931	0.533333361	29
0.875	1010.099976	-1.637028694	-1.46974051	29.70000076	78	0	0	0.5	29
0.916666687	1010	-1.339387059	-1.202515006	29.20000076	80	0	0	0.433333337	29
0.958333313	1010	-1.506107688	-0.540036619	28.79999924	82	0	0	0.366666675	29
1	1010	-0.967335105	-0.868483007	28.79999924	81	0	0	0.300000012	29
1.041666627	1009.700012	0.034425754	1.599629641	28.79999924	78	0	0	0.233333334	29
1.083333373	1009.099976	-0.090311833	-1.397083998	28.70000076	80	0	0	0.166666672	29
1.125	1008.900024	-0.032254227	-0.498958588	28.5	82	0	0	0.100000001	29
1.166666627	1008.599976	-0.392986119	-0.809667766	28.29999924	83	0	0	0.06666667	29
1.208333373	1008.5	0.260759592	-0.303322315	28.29999924	83	0	0	0.033333335	29
1.25	1008.700012	-0.096762672	-1.496875763	27.79999924	86	0	2.777777672	0	29
1.291666627	1009	-0.06186714	-0.078564987	28.20000076	83	0	50	0.166666672	29
1.333333373	1009.200012	-0.019352535	-0.299375147	29.10000038	78	0	213.8888855	0.333333343	29
1.375	1009.5	1.018517256	0.415478766	29.20000076	77	0	230.5555573	0.5	29
1.416666627	1009.799988	0.914348483	2.1104424	30.70000076	73	0	413.8888855	0.433333337	29
1.458333373	1009.700012	0.954102755	2.202200651	30.79999924	71	0	819.444458	0.366666675	29
1.5	1009.299988	1.113119841	2.569234133	32.09999847	69	0	952.777771	0.300000012	29
1.541666627	1009.099976	-0.930015445	2.427976847	29.60000038	77	0	472.222229	0.433333337	29
1.583333373	1008.799988	-0.572317183	1.494139552	29.5	82	0	247.222229	0.566666663	29
1.625	1008.5	0.030122537	1.399675846	29.60000038	77	0	269.444458	0.699999988	29
1.666666627	1008.400024	0.040880587	1.899560213	30.20000076	72	0	550	0.533333361	29
1.708333373	1008.200012	0.021516098	0.999768496	29.5	79	0	191.6666718	0.366666675	29
1.75	1008	-1.817635298	0.834387183	30.10000038	74	0	255.5555573	0.200000003	29
1.791666627	1008	-2.098055601	0.090346687	29.70000076	74	0	100	0.166666672	29
1.833333373	1008.200012	-0.070959292	-1.097708821	29.10000038	77	0	16.66666603	0.13333334	29
1.875	1008.400024	-2.009080648	-1.803772449	28.70000076	80	0	0	0.100000001	29
1.916666627	1008.5	-1.190566301	-1.068902135	28.5	81	0	0	0.083333336	29
1.958333373	1008.400024	-1.190566301	-1.068902135	28.29999924	83	0	0	0.06666667	29
2	1008.400024	-1.041745543	-0.935289383	28.10000038	83	0	0	0.050000001	29
2.041666746	1008.5	-1.041745543	-0.935289383	28	84	0	0	0.033333335	29
2.083333254	1008.099976	-1.339387059	-1.202515006	27.79999924	84	0	0	0.016666668	29
2.125	1007.799988	-0.523981452	-1.079557061	27.79999924	84	0	0	0	29
2.166666746	1007.799988	-0.916967571	-1.889224768	27.60000038	85	0	0	0	29
2.208333254	1007.900024	-0.698641956	-1.439409375	27.39999962	85	0	0	0	29
2.25	1008.700012	-0.829637349	-1.709298611	27.39999962	83	0	2.777777672	0	29
2.291666746	1008.900024	-0.916967571	-1.889224768	27.5	83	0	44.44444275	0	29
2.333333254	1008.900024	-1.116155863	-1.002095819	28.60000038	79	0	188.8888855	0	29
2.375	1008.700012	-1.339387059	-1.202515006	29.70000076	72	0	405.555542	0	29
2.416666746	1008.700012	-1.88263464	-0.675045788	30.5	67	0	511.1111145	0.266666681	29
2.458333254	1008.5	-2.188542128	2.334584236	30.10000038	72	0	477.777771	0.533333361	29
2.5	1008.099976	-1.641406655	1.750938177	30.60000038	68	0	808.333313	0.800000012	29
2.541666746	1007.5	-1.037324905	2.708127975	30.79999924	67	0	966.666687	0.766666651	29
2.583333254	1007.5	0.060245074	2.799351692	31.79999924	66	0	947.222229	0.733333349	29
2.625	1007.200012	1.152874112	2.660992622	30.60000038	69	0	652.777771	0.699999988	29
2.666666746	1007	-0.751166284	1.96105814	31.39999962	68	0	344.444458	0.533333361	29
2.708333254	1007.299988	-2.999098301	1.376738906	30.39999962	69	0	152.777771	0.366666675	29
2.75	1007.5	-0.225779578	-3.492710114	30.79999924	66	0	180.5555573	0.200000003	29
2.791666746	1007.900024	-1.178958297	-2.429003239	30	71	0	80.55555725	0.13333334	29
2.833333254	1008.400024	-2.306722164	-2.070997953	29.20000076	74	0	11.11111069	0.06666667	29
2.875	1008.900024	-1.091628075	-2.249077082	28.70000076	76	0	0	0	29
2.916666746	1009	-1.711439013	-1.536546946	28.5	75	0	0	0	29
2.958333254	1009	-2.232311726	-2.004191637	28	76	0	0	0	29
3	1009.099976	-1.785849452	-1.603353262	27.79999924	78	0	0	0	29
3.041666746	1008.799988	-1.190566301	-1.068902135	27.89999962	79	0	0	0	29
3.083333254	1008.400024	-0.960632682	-1.979187965	27.60000038	79	0	0	0	29
3.125	1008	-1.711439013	-1.536546946	27.39999962	80	0	0	0	29
3.166666746	1007.900024	-1.091628075	-2.249077082	27.20000076	81	0	0	0.06666667	29
3.208333254	1007.799988	-2.009080648	-1.803772449	26.89999962	81	0	0	0.13333334	29
3.25	1007.799988	-1.93467021	-1.736966014	27	80	0	2.777777672	0.200000003	29
3.291666746	1007.900024	-1.488207936	-1.336127758	27.10000038	81	0	38.88888931	0.233333334	29
3.333333254	1008	-1.26497674	-1.13570857	28.79999924	74	0	191.6666718	0.266666681	29
3.375	1008.299988	-2.397777796	0.103253357	29.5	68	0	372.222229	0.300000012	29
3.416666746	1008.700012	-2.697500229	0.116160028	30	66	0	588.888916	0.5	29
3.458333254	1008.5	-4.634970188	2.127687454	31.79999924	62	0	636.111084	0.699999988	29
3.5	1008.400024	-1.778190494	1.896849632	29.89999962	68	0	355.555542	0.899999976	29
3.541666746	1007.799988	1.21494472	1.189079165	29.79999924	68	0	238.8888855	0.833333313	29
3.583333254	1007.099976	-1.36783886	1.459115148	30.20000076	66	0	352.777771	0.766666651	29
3.625	1007	-0.214618936	0.560302317	30.20000076	67	0	244.4444427	0.699999988	29
3.666666746	1007.099976	-3.19964695	-2.872674704	30.39999962	66	0	236.1111145	0.466666669	29
3.708333254	1006.799988	-3.274057388	-2.93948102	30.70000076	64	0	427.777771	0.233333334	29
3.75	1006.900024	-4.612454891	-1.653862238	30	66	0	280.555542	0	29
3.791666746	1007.099976	-2.753184557	-2.471836329	29.20000076	69	0	83.33333588	0.033333335	29
3.833333254	1007.200012	-2.447425127	-0.877559543	28.70000076	71	0	8.333333015	0.06666667	29
3.875	1007.299988	-3.296944618	0.141973376	28.89999962	72	0	0	0.100000001	29
3.916666746	1007.900024	-1.413797498	-1.269321322	28.5	73	0	0	0.083333336	29
3.958333254	1008.400024	-0.698641956	-1.439409375	28	75	0	0	0.06666667	29
4	1008.599976	-0.141918585	-2.195417643	27.79999924	78	0	0	0.050000001	29
4.041666508	1008.299988	-0.103213519	-1.596667409	27.79999924	76	0	0	0.033333335	29
4.083333492	1008.099976	-0.742307067	-1.529372454	27.29999924	77	0	0	0.016666668	29
4.125	1008	-0.916967571	-1.889224768	27.20000076	78	0	0	0	29
4.166666508	1007.700012	-0.785972238	-1.619335532	27.10000038	78	0	0	0.033333335	29
4.208333492	1007.599976	-0.122566052	-1.896042585	27	78	0	0	0.06666667	29
4.25	1007.599976	-0.523981452	-1.079557061	26.70000076	80	0	2.777777672	0.100000001	29
4.291666508	1008.099976	-1.135293245	-2.339040279	26.79999924	80	0	38.88888931	0.06666667	29
4.333333492	1008.299988	-1.711439013	-1.536546946	28.39999962	73	0	191.6666718	0.033333335	29
4.375	1008.5	-2.009080648	-1.803772449	29.79999924	67	0	405.555542	0	29
4.416666508	1008.599976	-2.827594995	-2.538642645	30.60000038	62	0	597.222229	0.06666667	29
4.458333492	1008.5	-3.765269279	-1.350091577	31.79999924	59	0	791.666687	0.13333334	29
4.5	1008.099976	-4.595740795	0.197902277	31.79999924	53	0	922.222229	0.200000003	29
4.541666508	1007.5	-4.695648193	0.202204496	31.60000038	57	0	969.444458	0.233333334	29
4.583333492	1006.799988	-4.634970188	2.127687454	31.60000038	59	0	902.777771	0.266666681	29
4.625	1006.400024	-2.52995348	-2.271417141	32.40000153	54	0	805.555542	0.300000012	29
4.666666508	1006.400024	-3.482874155	-1.248834729	32	58	0	694.444458	0.300000012	29
4.708333492	1006.799988	-2.902005434	-2.605448961	31	60	0	386.1111145	0.300000012	29
4.75	1007	-3.577005863	-1.282587051	30.60000038	60	0	291.6666565	0.300000012	29
4.791666508	1007.299988	-2.009080648	-1.803772449	29.60000038	66	0	72.22222137	0.266666681	29
4.833333492	1007.5	-0.916967571	-1.889224768	29.10000038	70	0	8.333333015	0.233333334	29
4.875	1008.200012	-0.698641956	-1.439409375	28.70000076	72	0	0	0.200000003	29
4.916666508	1008.700012	-0.829637349	-1.709298611	28.5	72	0	0	0.166666672	29
4.958333492	1008.700012	-0.785972238	-1.619335532	28.29999924	73	0	0	0.13333334	29
5	1008.599976	-0.161271125	-2.494792938	28	74	0	0	0.100000001	29
5.041666508	1008.400024	-0.116115212	-1.796250939	28.10000038	73	0	0	0.06666667	29
5.083333492	1008.599976	0.380629539	-1.138033867	27.89999962	74	0	0	0.033333335	29
5.125	1008.099976	0.285472155	-0.8535254	27.89999962	76	0	0	0	29
5.166666508	1007.900024	0.348910421	-1.043197751	27.70000076	76	0	0	0.033333335	29
5.208333492	1007.900024	-0.103213519	-1.596667409	27.70000076	76	0	0	0.06666667	29
5.25	1008.099976	-1.135293245	-2.339040279	27.39999962	77	0	2.777777672	0.100000001	29
5.291666508	1008.299988	-1.178958297	-2.429003239	27.39999962	75	0	36.11111069	0.06666667	29
5.333333492	1008.599976	-1.047962904	-2.159114122	29	68	0	197.222229	0.033333335	29
5.375	1008.700012	-1.30995369	-2.698892593	30.60000038	64	0	419.444458	0	29
5.416666508	1009	-1.440949082	-2.968781948	31.20000076	62	0	569.444458	0.166666672	29
5.458333492	1008.700012	-4.2960186	0.184995607	31.20000076	65	0	325	0.333333343	29
5.5	1008.400024	-4.725851536	2.169406652	31.79999924	63	0	1019.444458	0.5	29
5.541666508	1008.099976	-4.89546299	0.210808948	31.60000038	61	0	941.666687	0.433333337	29
5.583333492	1007.400024	-5.195185184	0.223715618	31.70000076	60	0	958.333313	0.366666675	29
5.625	1007.200012	-4.725851536	2.169406652	31.60000038	59	0	888.888916	0.300000012	29
5.666666508	1006.900024	-4.634970188	2.127687454	31.79999924	61	0	719.444458	0.233333334	29
5.708333492	1007.099976	-3.817034006	1.75221312	31.5	61	0	516.666687	0.166666672	29
5.75	1007.099976	-3.544388771	1.627055049	30.60000038	64	0	250	0.100000001	29
5.791666508	1007.299988	-3.2946105	-1.181330204	29.89999962	68	0	77.77777863	0.13333334	29
5.833333492	1007.900024	-2.232311726	-2.004191637	29.39999962	67	0	8.333333015	0.166666672	29
5.875	1008.799988	-0.654976845	-1.349446297	28.89999962	70	0	0	0.200000003	29
5.916666508	1009.5	-1.26497674	-1.13570857	28.5	74	0	0	0.166666672	29
5.958333492	1010	-1.26497674	-1.13570857	28.89999962	74	0	0	0.13333334	29
6	1009.900024	-1.413797498	-1.269321322	28.70000076	76	0	0	0.100000001	29
6.041666508	1009.799988	-1.637028694	-1.46974051	28.5	77	0	0	0.06666667	29
6.083333492	1009	-1.413797498	-1.269321322	28.29999924	78	0	0	0.033333335	29
6.125	1008.700012	-0.960632682	-1.979187965	28	79	0	0	0	29
6.166666508	1008.400024	-1.860259891	-1.670159698	27.60000038	80	0	0	0	29
6.208333492	1008	-2.259161472	-0.810054958	27.60000038	80	0	0	0	29
6.25	1008.200012	-1.440949082	-2.968781948	27.29999924	82	0	2.777777672	0	29
6.291666508	1008.5	-0.129016906	-1.995834351	27.79999924	80	0	38.88888931	0.06666667	29
6.333333492	1009	-1.30995369	-2.698892593	29.29999924	73	0	197.222229	0.13333334	29
6.375	1009.400024	-2.753184557	-2.471836329	30.70000076	67	0	427.777771	0.200000003	29
6.416666508	1009.599976	-3.200478792	-1.147577882	31.39999962	62	0	627.777771	0.300000012	29
6.458333492	1009.599976	-3.765269279	-1.350091577	32.40000153	59	0	830.555542	0.400000006	29
6.5	1009.200012	-2.753184557	-2.471836329	33.09999847	60	0	797.222229	0.5	29
6.541666508	1008.599976	-4.424191475	-1.586357594	33.70000076	56	0	880.555542	0.600000024	29
6.583333492	1008.5	-4.241392612	-3.807964087	32.70000076	62	0	658.333313	0.699999988	29
6.625	1008.400024	-5.836167336	-2.092642069	31.70000076	65	0	588.888916	0.800000012	29
6.666666508	1008.099976	-5.742035866	-2.058889627	31.5	66	0	555.555542	0.633333325	29
6.708333492	1008.299988	-6.212694168	-2.227651119	31	65	0	386.1111145	0.466666669	29
6.75	1008.299988	-3.86934042	-3.473932028	30.60000038	68	0	75	0.300000012	29
6.791666508	1008.599976	-3.720519781	-3.340319395	29.70000076	69	0	63.88888931	0.233333334	29
6.833333492	1009.200012	-3.720519781	-3.340319395	29.20000076	68	0	8.333333015	0.166666672	29
6.875	1009.799988	-3.646109343	-3.27351284	29.10000038	73	0	0	0.100000001	29
6.916666508	1010.299988	-3.050826073	-2.739061832	29	74	0	0	0.083333336	29
6.958333492	1010.5	-2.52995348	-2.271417141	28.79999924	75	0	0	0.06666667	29
7	1010.599976	-3.348467827	-3.006287336	28.79999924	74	0	0	0.050000001	29
7.041666508	1010.299988	-1.785849452	-1.603353262	28.60000038	76	0	0	0.033333335	29
7.083333492	1009.700012	-2.381132603	-2.13780427	28.5	78	0	0	0.016666668	29
7.125	1008.900024	-2.381132603	-2.13780427	28.39999962	80	0	0	0	29
7.166666508	1008.5	-2.902005434	-2.605448961	28.39999962	79	0	0	0.13333334	29
7.208333492	1008.5	-1.397283912	-2.87881875	28.10000038	81	0	0	0.266666681	29
7.25	1008.700012	-0.87330246	-1.799261689	27.89999962	82	0	2.777777672	0.400000006	29
7.291666508	1009.200012	-0.960632682	-1.979187965	28.20000076	81	0	36.11111069	0.533333361	29
7.333333492	1009.5	-3.348467827	-3.006287336	29.39999962	76	0	169.4444427	0.666666687	29
7.375	1009.599976	-2.357916594	-4.858006477	30.29999924	72	0	333.3333435	0.800000012	29
7.416666508	1009.5	-5.134317398	-4.609640598	31	68	0	458.3333435	0.800000012	29
7.458333492	1009.599976	-3.14388895	-6.477342129	31.89999962	63	0	669.444458	0.800000012	29
7.5	1009.599976	-4.911086082	-4.409221649	32.40000153	63	0	722.222229	0.800000012	29
7.541666508	1009.099976	-5.357548237	-4.810060024	32.29999924	63	0	730.555542	0.733333349	29
7.583333492	1008.299988	-5.357548237	-4.810060024	33.09999847	56	0	916.666687	0.666666687	29
7.625	1007.5	-3.274884224	-6.747231483	33.20000076	57	0	883.333313	0.600000024	29
7.666666508	1007.5	-5.357548237	-4.810060024	32.70000076	60	0	644.444458	0.5	29
7.708333492	1007.5	-5.878421307	-5.277704716	31.60000038	63	0	486.1111145	0.400000006	29
7.75	1007.599976	-4.687854767	-4.208802223	31.10000038	66	0	275	0.300000012	29
7.791666508	1007.799988	-5.134317398	-4.609640598	30.10000038	72	0	63.88888931	0.266666681	29
7.833333492	1008.200012	-3.86934042	-3.473932028	29.79999924	74	0	8.333333015	0.233333334	29
7.875	1008.799988	-2.095925808	-4.318228245	29.20000076	77	0	0	0.200000003	29
7.916666508	1009.400024	-3.348467827	-3.006287336	29.29999924	77	0	0	0.183333337	29
7.958333492	1009.400024	-3.497288465	-3.139900208	29.39999962	76	0	0	0.166666672	29
8	1009	-3.348467827	-3.006287336	29.29999924	78	0	0	0.150000006	29
8.041666985	1008.200012	-3.050826073	-2.739061832	28.79999924	80	0	0	0.13333334	29
8.083333015	1007.5	-3.348467827	-3.006287336	28.89999962	80	0	0	0.116666667	29
8.125	1007	-3.125236511	-2.805868149	28.79999924	80	0	0	0.100000001	29
8.166666985	1006.700012	-3.274057388	-2.93948102	28.79999924	82	0	0	0.13333334	29
8.208333015	1006.700012	-1.964930534	-4.04833889	28.70000076	82	0	0	0.166666672	29
8.25	1006.799988	-3.571698904	-3.206706524	28.79999924	81	0	2.777777672	0.200000003	29
8.291666985	1007.099976	-2.270586491	-4.678080559	28.89999962	81	0	41.66666794	0.400000006	29
8.333333015	1007.5	-4.911086082	-4.409221649	30	76	0	180.5555573	0.600000024	29
8.375	1007.799988	-5.804010868	-5.210897923	30.79999924	74	0	336.1111145	0.800000012	29
8.416666985	1007.599976	-6.3992939	-5.745349407	31.79999924	68	0	563.888916	0.800000012	29
8.458333015	1007.5	-6.3992939	-5.745349407	32.70000076	67	0	658.333313	0.800000012	29
8.5	1007.200012	-6.250473022	-5.611736298	32.5	66	0	663.888916	0.800000012	29
8.541666985	1006.400024	-6.3992939	-5.745349407	33.09999847	58	0	891.666687	0.633333325	29
8.583333015	1006.200012	-6.250473022	-5.611736298	31.5	67	0	838.888916	0.466666669	29
8.625	1005.400024	-5.72960043	-5.144091606	32.70000076	63	0	769.444458	0.300000012	29
8.666666985	1005.400024	-5.952831745	-5.344511032	27.5	85	0	502.777771	0.333333343	29
8.708333015	1005.400024	-5.431958675	-4.876866341	30	80	0	269.444458	0.366666675	29
8.75	1005.400024	-4.911086082	-4.409221649	30	77	0	291.6666565	0.400000006	29
8.791666985	1005.900024	-5.365508556	-1.923880577	29.20000076	80	0	69.44444275	0.366666675	29
8.833333015	1006.599976	-4.464623451	-4.008383274	29.20000076	83	0	13.88888931	0.333333343	29
8.875	1007.200012	-5.134317398	-4.609640598	29.39999962	81	0	0	0.300000012	29
8.916666985	1007.299988	-5.271377087	-1.890128255	29.29999924	79	0	0	0.316666663	29
8.958333015	1006.900024	-3.720519781	-3.340319395	29.10000038	82	0	0	0.333333343	29
9	1006.599976	-3.19964695	-2.872674704	28.60000038	82	0	0	0.349999994	29
9.041666985	1006.5	-3.125236511	-2.805868149	28.5	84	0	0	0.366666675	29
9.083333015	1005.799988	-3.497288465	-3.139900208	28.5	85	0	0	0.383333325	29
9.125	1005.400024	-3.86934042	-3.473932028	28.70000076	79	0	0	0.400000006	29
9.166666985	1005.200012	-4.018161297	-3.607544899	28.10000038	80	0	0	0.400000006	29
9.208333015	1005.299988	-4.836675644	-4.342415333	27.89999962	82	0	0	0.400000006	29
9.25	1005.200012	-1.702939749	-3.508560419	26.89999962	83	0	2.777777672	0.400000006	29
9.291666985	1005.5	-3.348467827	-3.006287336	27.89999962	81	0	50	0.400000006	29
9.333333015	1005.700012	-4.687854767	-4.208802223	29.5	76	0	186.1111145	0.400000006	29
9.375	1005.799988	-5.506369114	-4.943672657	30.39999962	70	0	419.444458	0.400000006	29
9.416666985	1005.900024	-5.580779552	-5.010478973	31.20000076	66	0	622.222229	0.466666669	29
9.458333015	1005.799988	-6.027241707	-5.411317348	32.20000076	63	0	788.888916	0.533333361	29
9.5	1005.599976	-6.473704338	-5.812155724	32.09999847	61	0	811.111084	0.600000024	29
9.541666985	1004.900024	-3.973526239	-8.186640739	32.5	62	0	891.666687	0.666666687	29
9.583333015	1004.5	-7.143397808	-6.413413048	32.20000076	64	0	902.777771	0.733333349	29
9.625	1003.799988	-4.279181957	-8.816382408	32.5	63	0	816.666687	0.800000012	29
9.666666985	1003.200012	-4.148186684	-8.54649353	32.20000076	63	0	683.333313	0.600000024	29
9.708333015	1003.5	-5.878421307	-5.277704716	31.10000038	68	0	408.3333435	0.400000006	29
9.75	1003.299988	-3.624205112	-7.466936111	30.5	71	0	269.444458	0.200000003	29
9.791666985	1003.400024	-2.401581764	-4.947969913	29.70000076	74	0	80.55555725	0.266666681	29
9.833333015	1003.5	-3.056558609	-6.29741621	29.5	77	0	11.11111069	0.333333343	29
9.875	1004	-4.762265205	-4.27560854	29.29999924	79	0	0	0.400000006	29
9.916666985	1004.400024	-2.139590979	-4.408191204	28.10000038	85	0	0	0.433333337	29
9.958333015	1004.200012	-2.052260876	-4.228265285	28.39999962	85	0	0	0.466666669	29
10	1004	-2.532577038	-5.217859268	28.39999962	82	0	0	0.5	29
10.04166698	1003.700012	-2.445246935	-5.037932873	28.10000038	81	0	0	0.533333361	29
10.08333302	1003	-4.985496521	-4.476027966	27.5	84	0	0	0.566666663	29
10.125	1002.599976	-4.836675644	-4.342415333	27.60000038	83	0	0	0.600000024	29
10.16666698	1002.099976	-2.619907379	-5.397785187	28	81	0	0	0.566666663	29
10.20833302	1002.099976	-2.925563335	-6.027526855	28.5	80	0	0	0.533333361	29
10.25	1002.700012	-2.881898165	-5.937563896	28.60000038	80	0	2.777777672	0.5	29
10.29166698	1002.700012	-3.14388895	-6.477342129	28.70000076	79	0	38.88888931	0.566666663	29
10.33333302	1003	-3.493209839	-7.197046757	29.39999962	76	0	169.4444427	0.633333325	29
10.375	1003.400024	-3.886195898	-8.006714821	30.20000076	70	0	327.777771	0.699999988	29
10.41666698	1003.599976	-6.994576931	-6.279800415	30.89999962	67	0	558.333313	0.566666663	29
10.45833302	1003.599976	-4.060856342	-8.366566658	32	62	0	763.888916	0.433333337	29
10.5	1003.400024	-4.541172981	-9.356161118	32.29999924	58	0	894.444458	0.300000012	29
10.54166698	1002.799988	-4.322847366	-8.906345367	32.70000076	57	0	997.222229	0.300000012	29
10.58333302	1002.299988	-6.920166492	-6.212994099	32.90000153	56	0	1013.888916	0.300000012	29
10.625	1001.799988	-8.110733032	-7.281896114	32.20000076	57	0	563.888916	0.300000012	29
10.66666698	1001.599976	-6.696935654	-6.012574673	31.70000076	62	0	588.888916	0.366666675	29
10.70833302	1001.5	-3.405879498	-7.017120838	31.60000038	61	0	513.888916	0.433333337	29
10.75	1001.700012	-3.405879498	-7.017120838	30.39999962	66	0	202.777771	0.5	29
10.79166698	1002	-3.10022378	-6.387379169	29.60000038	70	0	58.33333206	0.433333337	29
10.83333302	1002.400024	-2.314251423	-4.768043518	29.20000076	71	0	8.333333015	0.366666675	29
10.875	1002.799988	-2.139590979	-4.408191204	28.89999962	72	0	0	0.300000012	29
10.91666698	1003.200012	-1.877600312	-3.868412733	28.70000076	74	0	0	0.316666663	29
10.95833302	1003	-1.659274697	-3.418597221	28.60000038	74	0	0	0.333333343	29
11	1002.599976	-2.052260876	-4.228265285	28.5	75	0	0	0.349999994	29
11.04166698	1002.599976	-5.72960043	-5.144091606	28.70000076	66	0	0	0.366666675	29
11.08333302	1002.200012	-2.139590979	-4.408191204	27.70000076	77	0	0	0.383333325	29
11.125	1001.900024	-1.833935142	-3.778449535	27.60000038	79	0	0	0.400000006	29
11.16666698	1001.799988	-1.571944475	-3.238671064	27.70000076	78	0	0	0.333333343	29
11.20833302	1001.799988	-1.79027009	-3.688486576	27.70000076	75	0	0	0.266666681	29
11.25	1001.900024	-1.659274697	-3.418597221	27.60000038	76	0	2.777777672	0.200000003	29
11.29166698	1002.400024	-1.659274697	-3.418597221	27.60000038	76	0	36.11111069	0.366666675	29
11.33333302	1003	-2.183256149	-4.498154163	29.39999962	70	0	188.8888855	0.533333361	29
11.375	1003.299988	-3.012893438	-6.207452774	30	68	0	375	0.699999988	29
11.41666698	1003.299988	-2.794567823	-5.757637501	30.79999924	66	0	608.333313	0.600000024	29
11.45833302	1003.099976	-0.612830281	-9.480213165	31.70000076	56	0	822.222229	0.5	29
11.5	1002.5	-0.483813375	-7.484378815	32.59999847	55	0	911.111084	0.400000006	29
11.54166698	1002.200012	-3.362214565	-6.927157879	33.09999847	56	0	988.888916	0.5	29
11.58333302	1001.799988	-3.973526239	-8.186640739	32.90000153	55	0	977.777771	0.600000024	29
11.625	1001.200012	-0.53542012	-8.282711983	32.20000076	59	0	900	0.699999988	29
11.66666698	1001.099976	-0.451559156	-6.985420227	30.89999962	66	0	611.111084	0.633333325	29
11.70833302	1001	-0.425755769	-6.586253166	31.10000038	68	0	355.555542	0.566666663	29
11.75	1001.799988	-0.367698163	-5.688127995	29.10000038	74	0	136.1111145	0.5	29
11.79166698	1002.200012	-2.008595705	-4.138301849	29.39999962	70	0	50	0.600000024	29
11.83333302	1002.5	-1.79027009	-3.688486576	29.20000076	71	0	8.333333015	0.699999988	29
11.875	1003.5	-2.794567823	-5.757637501	28	78	0	0	0.800000012	29
11.91666698	1003.299988	-0.219328731	-3.392918348	27.60000038	81	0	0	0.699999988	29
11.95833302	1003.400024	-0.303189725	-4.690210819	28.10000038	78	0	0	0.600000024	29
12	1003.400024	-1.746604919	-3.598523378	27.79999924	80	0	0	0.5	29
12.04166698	1003.099976	-1.702939749	-3.508560419	28	79	0	0	0.400000006	29
12.08333302	1002.900024	-1.178958297	-2.429003239	27.70000076	79	0	0	0.300000012	29
12.125	1002.700012	-1.178958297	-2.429003239	27.70000076	80	0	0	0.200000003	29
12.16666698	1002.599976	-0.135467738	-2.095626116	27.70000076	79	0	0	0.266666681	29
12.20833302	1002.799988	-0.161271125	-2.494792938	27.89999962	78	0	0	0.333333343	29
12.25	1002.700012	-0.206427038	-3.193334818	27.89999962	79	0	2.777777672	0.400000006	29
12.29166698	1003.200012	-0.193525344	-2.993751526	27.79999924	76	0	41.66666794	0.466666669	29
12.33333302	1003.799988	-1.702939749	-3.508560419	29.20000076	72	0	202.777771	0.533333361	29
12.375	1004.099976	-0.32254225	-4.989585876	30.39999962	69	0	416.6666565	0.600000024	29
12.41666698	1004.400024	-0.348345637	-5.38875246	30.89999962	63	0	588.888916	0.666666687	29
12.45833302	1004.799988	-0.406403244	-6.286878109	31.5	66	0	597.222229	0.733333349	29
12.5	1004.799988	-2.445246935	-5.037932873	31.89999962	64	0	644.444458	0.800000012	29
12.54166698	1004.400024	-0.380599856	-5.887711048	30.70000076	67	0	691.666687	0.766666651	29
12.58333302	1003.799988	-0.328993082	-5.089377403	32	61	0	811.111084	0.733333349	29
12.625	1003.400024	-2.488912106	-5.127895832	32.40000153	57	0	744.444458	0.699999988	29
12.66666698	1003.299988	-2.357916594	-4.858006477	31.20000076	60	0	516.666687	0.766666651	29
12.70833302	1003.299988	1.395641685	-4.172791004	30.20000076	69	0	283.3333435	0.833333313	29
12.75	1003.599976	-0.232230425	-3.592501879	29.5	73	0	136.1111145	0.899999976	29
12.79166698	1004	-0.206427038	-3.193334818	29.29999924	76	0	38.88888931	0.600000024	29
12.83333302	1004.400024	-0.258033812	-3.991668701	29	74	0	8.333333015	0.300000012	29
12.875	1005.200012	-1.528279305	-3.148708105	28.70000076	75	0	0	0	29
12.91666698	1005.900024	-0.193525344	-2.993751526	28.60000038	76	0	0	0	29
12.95833302	1005.900024	-1.528279305	-3.148708105	28.39999962	77	0	0	0	29
13	1006	-0.148369431	-2.295209408	28.20000076	78	0	0	0	29
13.04166698	1006	-0.141918585	-2.195417643	28	78	0	0	0	29
13.08333302	1005.799988	-0.141918585	-2.195417643	27.89999962	78	0	0	0	29
13.125	1005.099976	1.108228326	-1.28911984	27.70000076	79	0	0	0	29
13.16666698	1005.099976	-0.116115212	-1.796250939	27.5	81	0	0	0	29
13.20833302	1005	-0.090311833	-1.397083998	27.5	80	0	0	0	29
13.25	1005	-0.199976191	-3.093543291	27.60000038	78	0	2.777777672	0	29
13.29166698	1005.599976	-0.87330246	-1.799261689	27.39999962	78	0	38.88888931	0.06666667	29
13.33333302	1006.200012	-0.122566052	-1.896042585	28.89999962	73	0	191.6666718	0.13333334	29
13.375	1006.5	1.141888618	-3.414101601	29.79999924	69	0	336.1111145	0.200000003	29
13.41666698	1006.900024	1.807990313	-5.405661106	30.70000076	63	0	488.8888855	0.300000012	29
13.45833302	1006.900024	1.776271224	-5.310824871	30.89999962	60	0	677.777771	0.400000006	29
13.5	1006.799988	1.744552135	-5.215988636	31.20000076	60	0	780.555542	0.5	29
13.54166698	1006.099976	1.554237366	-4.646971703	32.5	55	0	888.888916	0.433333337	29
13.58333302	1005.700012	1.934866905	-5.785005569	32.40000153	54	0	913.888916	0.366666675	29
13.625	1005.299988	-0.380599856	-5.887711048	31.79999924	56	0	794.444458	0.300000012	29
13.66666698	1005.200012	1.554237366	-4.646971703	31.70000076	57	0	669.444458	0.333333343	29
13.70833302	1005.400024	-0.309640557	-4.790002346	30.89999962	60	0	488.8888855	0.366666675	29
13.75	1005.700012	-0.316091388	-4.889793873	29.89999962	65	0	236.1111145	0.400000006	29
13.79166698	1005.799988	-0.161271125	-2.494792938	29.20000076	68	0	38.88888931	0.333333343	29
13.83333302	1006.099976	-0.161271125	-2.494792938	28.89999962	69	0	5.555555344	0.266666681	29
13.875	1006.5	-0.148369431	-2.295209408	28.79999924	70	0	0	0.200000003	29
13.91666698	1007	-0.785972238	-1.619335532	28.60000038	72	0	0	0.183333337	29
13.95833302	1007.200012	-0.916967571	-1.889224768	28.10000038	73	0	0	0.166666672	29
14	1007.099976	-0.167721972	-2.594584703	28.10000038	72	0	0	0.150000006	29
14.04166698	1007	-0.122566052	-1.896042585	27.89999962	71	0	0	0.13333334	29
14.08333302	1006.5	-0.122566052	-1.896042585	27.60000038	73	0	0	0.116666667	29
14.125	1006.099976	-0.135467738	-2.095626116	27.39999962	67	0	0	0.100000001	29
14.16666698	1006	-0.077410139	-1.197500587	27	70	0	0	0.100000001	29
14.20833302	1006	-0.03870507	-0.598750293	26.79999924	71	0	0	0.100000001	29
14.25	1006.400024	-0.077410139	-1.197500587	26.70000076	73	0	0	0.100000001	29
14.29166698	1006.799988	-0.077410139	-1.197500587	27	73	0	27.77777863	0.13333334	29
14.33333302	1007.400024	-0.077410139	-1.197500587	28.29999924	69	0	163.8888855	0.166666672	29
14.375	1007.400024	-0.199976191	-3.093543291	29.39999962	66	0	375	0.200000003	29
14.41666698	1007.5	-0.32254225	-4.989585876	29.29999924	66	0	419.444458	0.366666675	29
14.45833302	1007.5	-2.183256149	-4.498154163	30.29999924	63	0	413.8888855	0.533333361	29
14.5	1007.400024	-2.183256149	-4.498154163	31.89999962	48	0	655.555542	0.699999988	29
14.54166698	1007.099976	-1.484614134	-3.058744907	32.5	48	0	808.333313	0.733333349	29
14.58333302	1006.700012	1.395641685	-4.172791004	32.29999924	52	0	683.333313	0.766666651	29
14.625	1006.299988	1.395641685	-4.172791004	31.79999924	55	0	616.666687	0.800000012	29
14.66666698	1006.099976	-2.095925808	-4.318228245	31.29999924	61	0	488.8888855	0.800000012	29
14.70833302	1006.200012	-3.794929981	-3.407125711	29.5	77	0	355.555542	0.800000012	29
14.75	1006.5	-4.047664642	-1.451348424	29.60000038	68	0	144.4444427	0.800000012	29
14.79166698	1006.799988	-2.052260876	-4.228265285	28.20000076	77	0	58.33333206	0.699999988	29
14.83333302	1007.200012	-1.135293245	-2.339040279	27.70000076	80	0	5.555555344	0.600000024	29
14.875	1007.799988	-1.35361886	-2.788855791	27.70000076	82	0	0	0.5	29
14.91666698	1008.299988	-1.004297853	-2.069150925	27.79999924	81	0	0	0.466666669	29
14.95833302	1008.200012	-0.109664366	-1.696459174	28.10000038	79	0	0	0.433333337	29
15	1008.299988	-1.129580736	-0.405027479	27	86	0	0	0.400000006	29
15.04166698	1008.200012	-1.047962904	-2.159114122	27.10000038	85	0	0	0.366666675	29
15.08333302	1007.900024	-0.967335105	-0.868483007	26.79999924	86	0	0	0.333333343	29
15.125	1007.5	-1.135293245	-2.339040279	26.70000076	84	0	0	0.300000012	29
15.16666698	1007	-1.178958297	-2.429003239	26.70000076	84	0	0	0.466666669	29
15.20833302	1007.099976	-1.30995369	-2.698892593	26.70000076	83	0	0	0.633333325	29
15.25	1007.599976	-1.397283912	-2.87881875	26.60000038	82	0	0	0.800000012	29
15.29166698	1008.099976	-1.222623467	-2.518966436	26.79999924	80	0	41.66666794	0.633333325	29
15.33333302	1008.5	-1.222623467	-2.518966436	27.79999924	79	0	147.222229	0.466666669	29
15.375	1009	-3.720519781	-3.340319395	29.39999962	69	0	333.3333435	0.300000012	29
15.41666698	1009.400024	-3.86934042	-3.473932028	30.60000038	62	0	577.777771	0.366666675	29
15.45833302	1009.299988	-4.166982174	-3.741157532	31.39999962	59	0	736.111084	0.433333337	29
15.5	1009.299988	-2.139590979	-4.408191204	29.70000076	68	0	355.555542	0.5	29
15.54166698	1008.700012	-3.050826073	-2.739061832	31	60	0	402.777771	0.566666663	29
15.58333302	1008.299988	-4.241392612	-3.807964087	31.39999962	57	0	450	0.633333325	29
15.625	1007.799988	-5.17724514	-1.856375933	30.5	66	0	572.222229	0.699999988	29
15.66666698	1007.700012	-4.911086082	-4.409221649	30	67	0	466.6666565	0.666666687	29
15.70833302	1008.099976	-2.70723772	-5.577711582	27.20000076	80	0	230.5555573	0.633333325	29
15.75	1008.200012	-2.381132603	-2.13780427	28	80	0	77.77777863	0.600000024	29
15.79166698	1008.299988	-2.60436368	-2.338223457	27.60000038	81	0	47.22222137	0.533333361	29
15.83333302	1008.599976	-2.306722164	-2.070997953	27.5	79	0	8.333333015	0.466666669	29
15.875	1009.200012	-1.860259891	-1.670159698	27.5	80	0	0	0.400000006	29
15.91666698	1009.599976	-1.004297853	-2.069150925	27.20000076	84	0	0	0.5	29
15.95833302	1009.400024	-3.050826073	-2.739061832	26.20000076	87	0	0	0.600000024	29
16	1009.099976	-2.52995348	-2.271417141	27.10000038	82	0	0	0.699999988	29
16.04166603	1009	-3.200478792	-1.147577882	27	84	0	0	0.800000012	29
16.08333397	1008.799988	-1.266288519	-2.608929634	26.89999962	85	0	0	0.899999976	29
16.125	1008.5	-2.009080648	-1.803772449	26.79999924	85	0	0	1	29
16.16666603	1008.200012	-2.455543041	-2.204610825	26.79999924	84	0	0	0.800000012	29
16.20833397	1008.299988	-1.785849452	-1.603353262	26.60000038	84	0	0	0.600000024	29
16.25	1008.599976	-2.52995348	-2.271417141	26.39999962	84	0	2.777777672	0.400000006	29
16.29166603	1008.900024	-2.381132603	-2.13780427	26.60000038	84	0	41.66666794	0.333333343	29
16.33333397	1009.599976	-2.827594995	-2.538642645	28.10000038	79	0	166.6666718	0.266666681	29
16.375	1010	-4.092571735	-3.674351215	29.29999924	71	0	375	0.200000003	29
16.41666603	1010	-4.092571735	-3.674351215	30.39999962	68	0	602.777771	0.366666675	29
16.45833397	1010.299988	-5.365508556	-1.923880577	30.20000076	66	0	702.777771	0.533333361	29
16.5	1009.900024	-4.706586361	-1.687614441	30.5	66	0	702.777771	0.699999988	29
16.54166603	1009.400024	-4.424191475	-1.586357594	31	65	0	750	0.600000024	29
16.58333397	1009.200012	-4.894850254	-1.755119085	31.60000038	61	0	811.111084	0.5	29
16.625	1008.900024	-5.08311367	-1.82262361	31.10000038	61	0	763.888916	0.400000006	29
16.66666603	1008.900024	-4.894850254	-1.755119085	30.60000038	62	0	611.111084	0.333333343	29
16.70833397	1009.099976	-4.988981724	-1.788871408	30.70000076	66	0	400	0.266666681	29
16.75	1009.400024	-4.988981724	-1.788871408	29.79999924	68	0	194.4444427	0.200000003	29
16.79166603	1009.799988	-4.330059528	-1.552605391	29.20000076	72	0	55.55555725	0.200000003	29
16.83333397	1010.299988	-3.577005863	-1.282587051	28.89999962	74	0	5.555555344	0.200000003	29
16.875	1010.700012	-4.2960186	0.184995607	29	75	0	0	0.200000003	29
16.91666603	1011.200012	-3.496759415	0.150577813	28.89999962	74	0	0	0.200000003	29
16.95833397	1011.099976	-3.097129822	0.133368924	28.89999962	75	0	0	0.200000003	29
17	1010.799988	-3.596666813	0.154880032	28.70000076	75	0	0	0.200000003	29
