0.0 
0.0 
0.0 
0.0 
0.0 
0.0 
5.6 
63.9 
230.6 
336.1 
655.6 
905.6 
1036.1 
519.4 
1036.1 
475.0 
286.1 
450.0 
172.2 
61.1 
13.9 
0.0 
0.0 
0.0 
0.0 
0.0 
0.0 
0.0 
0.0 
0.0 
2.8 
50.0 
213.9 
230.6 
413.9 
819.4 
952.8 
472.2 
247.2 
269.4 
550.0 
191.7 
255.6 
100.0 
16.7 
0.0 
0.0 
0.0 
0.0 
0.0 
0.0 
0.0 
0.0 
0.0 
2.8 
44.4 
188.9 
405.6 
511.1 
477.8 
808.3 
966.7 
947.2 
652.8 
344.4 
152.8 
180.6 
80.6 
11.1 
0.0 
0.0 
0.0 
0.0 
0.0 
0.0 
0.0 
0.0 
0.0 
2.8 
38.9 
191.7 
372.2 
588.9 
636.1 
355.6 
238.9 
352.8 
244.4 
236.1 
427.8 
280.6 
83.3 
8.3 
0.0 
0.0 
0.0 
0.0 
0.0 
0.0 
0.0 
0.0 
0.0 
2.8 
38.9 
191.7 
405.6 
597.2 
791.7 
922.2 
969.4 
902.8 
805.6 
694.4 
386.1 
291.7 
72.2 
8.3 
0.0 
0.0 
0.0 
0.0 
0.0 
0.0 
0.0 
0.0 
0.0 
2.8 
36.1 
197.2 
419.4 
569.4 
325.0 
1019.4 
941.7 
958.3 
888.9 
719.4 
516.7 
250.0 
77.8 
8.3 
0.0 
0.0 
0.0 
0.0 
0.0 
0.0 
0.0 
0.0 
0.0 
2.8 
38.9 
197.2 
427.8 
627.8 
830.6 
797.2 
880.6 
658.3 
588.9 
555.6 
386.1 
75.0 
63.9 
8.3 
0.0 
0.0 
0.0 
0.0 
0.0 
0.0 
0.0 
0.0 
0.0 
2.8 
36.1 
169.4 
333.3 
458.3 
669.4 
722.2 
730.6 
916.7 
883.3 
644.4 
486.1 
275.0 
63.9 
8.3 
0.0 
0.0 
0.0 
0.0 
0.0 
0.0 
0.0 
0.0 
0.0 
2.8 
41.7 
180.6 
336.1 
563.9 
658.3 
663.9 
891.7 
838.9 
769.4 
502.8 
269.4 
291.7 
69.4 
13.9 
0.0 
0.0 
0.0 
0.0 
0.0 
0.0 
0.0 
0.0 
0.0 
2.8 
50.0 
186.1 
419.4 
622.2 
788.9 
811.1 
891.7 
902.8 
816.7 
683.3 
408.3 
269.4 
80.6 
11.1 
0.0 
0.0 
0.0 
0.0 
0.0 
0.0 
0.0 
0.0 
0.0 
2.8 
38.9 
169.4 
327.8 
558.3 
763.9 
894.4 
997.2 
1013.9 
563.9 
588.9 
513.9 
202.8 
58.3 
8.3 
0.0 
0.0 
0.0 
0.0 
0.0 
0.0 
0.0 
0.0 
0.0 
2.8 
36.1 
188.9 
375.0 
608.3 
822.2 
911.1 
988.9 
977.8 
900.0 
611.1 
355.6 
136.1 
50.0 
8.3 
0.0 
0.0 
0.0 
0.0 
0.0 
0.0 
0.0 
0.0 
0.0 
2.8 
41.7 
202.8 
416.7 
588.9 
597.2 
644.4 
691.7 
811.1 
744.4 
516.7 
283.3 
136.1 
38.9 
8.3 
0.0 
0.0 
0.0 
0.0 
0.0 
0.0 
0.0 
0.0 
0.0 
2.8 
38.9 
191.7 
336.1 
488.9 
677.8 
780.6 
888.9 
913.9 
794.4 
669.4 
488.9 
236.1 
38.9 
5.6 
0.0 
0.0 
0.0 
0.0 
0.0 
0.0 
0.0 
0.0 
0.0 
0.0 
27.8 
163.9 
375.0 
419.4 
413.9 
655.6 
808.3 
683.3 
616.7 
488.9 
355.6 
144.4 
58.3 
5.6 
0.0 
0.0 
0.0 
0.0 
0.0 
0.0 
0.0 
0.0 
0.0 
0.0 
41.7 
147.2 
333.3 
577.8 
736.1 
355.6 
402.8 
450.0 
572.2 
466.7 
230.6 
77.8 
47.2 
8.3 
0.0 
0.0 
0.0 
0.0 
0.0 
0.0 
0.0 
0.0 
0.0 
2.8 
41.7 
166.7 
375.0 
602.8 
702.8 
702.8 
750.0 
811.1 
763.9 
611.1 
400.0 
194.4 
55.6 
5.6 
0.0 
0.0 
0.0 
0.0 
