0.12
0.12
0.12
0.12
0.12
0.12
0.25
54.75
178.97
507.58
885.78
1175.11
1187.51
1342.67
1185.42
1046.84
855.96
467.2
186.34
14.12
0.12
0.12
0.12
0.12
0.12
0.12
0.12
0.12
0.12
0.12
0.25
92.68
403.61
715.77
939.67
1252.69
836.19
195.42
1349.05
1031.61
734.31
437.74
191.74
13.5
0.12
0.12
0.12
0.12
0.12
0.12
0.12
0.12
0.12
0.12
0.25
84.33
338.92
650.71
923.1
1103.79
1206.05
1286.33
1155.47
690.48
699.69
347.14
157.49
9.94
0.12
0.12
0.12
0.12
0.12
0.12
0.12
0.12
0.12
0.12
0.12
72.42
380.9
772.36
985.7
1174.5
1322.17
1221.76
1121.72
1001.91
690.73
394.4
155.41
10.56
0.12
0.12
0.12
0.12
0.12
0.12
0.12
0.12
0.12
0.12
0.12
92.06
379.92
730.26
975.76
1214.39
1353.23
1304.49
1255.64
1050.15
684.84
459.1
157.25
8.59
0.12
0.12
0.12
0.12
0.12
0.12
0.12
0.12
0.12
0.12
0.12
84.45
392.56
740.44
1320.7
1163.45
493.83
1337.15
1233.05
1001.91
696.74
406.93
107.16
7.86
0.12
0.12
0.12
0.12
0.12
0.12
0.12
0.12
0.12
0.12
0.12
82.86
402.14
783.78
1104.28
1393.98
1439.89
1381.71
715.53
1013.08
625.79
462.04
142.64
6.01
0.12
0.12
0.12
0.12
0.12
0.12
0.12
0.12
0.12
0.12
0.12
73.28
248.94
661.02
667.04
1135.71
1454.74
1371.64
1269.88
959.56
837.67
385.32
136.01
6.51
0.12
0.12
0.12
0.12
0.12
0.12
0.12
0.12
0.12
0.12
0.12
65.92
334.38
801.33
933.29
1017.99
1328.55
1554.66
416.99
1010.38
121.53
429.51
134.17
3.07
0.12
0.12
0.12
0.12
0.12
0.12
0.12
0.12
0.12
0.12
0.12
31.79
356.97
656.97
919.79
1306.58
1426.63
1410.55
1287.43
1087.22
670.97
76.47
136.99
4.42
0.12
0.12
0.12
0.12
0.12
0.12
0.12
0.12
0.12
0.12
0.12
135.15
255.33
749.41
1004.36
1233.91
1430.93
1106.49
1147.37
868.11
576.2
199.35
75.49
3.68
0.12
0.12
0.12
0.12
0.12
0.12
0.12
0.12
0.12
0.12
0.12
48.61
296.82
681.89
310.44
1276.87
1385.39
1395.21
1209.12
935.25
144.6
118.33
44.93
3.07
0.12
0.12
0.12
0.12
0.12
0.12
0.12
0.12
0.12
0.12
0.12
62.85
325.54
599.65
980.18
1150.81
1451.06
1454.01
1194.51
907.39
323.7
328
83.96
1.84
0.12
0.12
0.12
0.12
0.12
0.12
0.12
0.12
0.12
0.12
0.12
60.76
310.93
684.1
1071.75
1169.22
1509.25
1298.85
841.96
931.33
352.42
345.06
105.44
2.7
0.12
0.12
0.12
0.12
0.12
0.12
0.12
0.12
0.12
0.12
0.12
54.75
271.65
539.87
448.17
580.25
1180.15
1281.05
1167.87
249.07
572.52
322.96
93.41
0.49
0.12
0.12
0.12
0.12
0.12
0.12
0.12
0.12
0.12
0.12
0.12
68.5
304.67
567.36
872.28
1070.53
1285.22
1309.04
1169.47
463.27
162.77
87.15
94.52
1.84
0.12
0.12
0.12
0.12
0.12
0.12
0.12
0.12
0.12
0.12
0.12
61.38
279.26
591.3
954.16
1052.24
643.22
1218.81
1073.6
854.85
620.39
318.18
89.73
1.72
0.12
0.12
0.12
0.12
0.12