0.000 	0.000 	0.000 	0.000 	0.000 	0.000 	0.000 	0.000 	0.000 	0.000 	0.000 	0.000 	0.000 	0.000 	0.000 	0.000 	0.000 	0.000 	0.050 	0.272 	0.000 	0.000 	0.000 	0.000 	0.000 	0.000 	0.000 	0.000 	0.000 	0.000 	0.000 	0.000 	0.000 	0.000 	0.000 	0.000 	0.000 	0.000 	0.000 	0.000 	0.000 	0.000 	0.000 	0.000 	0.000 	0.000 	0.000 	0.000 	0.000 	0.000 	0.000 	0.000 	0.000 	0.000 	0.000 	0.000 	0.000 	0.000 	0.000 	0.000 	0.000 	0.000 	0.000 	0.000 
0.000 	0.000 	0.000 	0.000 	0.000 	0.000 	0.000 	0.000 	0.000 	0.000 	0.000 	0.000 	0.000 	0.000 	0.000 	0.000 	0.000 	0.000 	0.050 	0.272 	0.000 	0.000 	0.000 	0.000 	0.000 	0.000 	0.000 	0.000 	0.000 	0.000 	0.000 	0.000 	0.000 	0.000 	0.000 	0.000 	0.000 	0.000 	0.000 	0.000 	0.000 	0.000 	0.000 	0.000 	0.000 	0.000 	0.000 	0.000 	0.000 	0.000 	0.000 	0.000 	0.000 	0.000 	0.000 	0.000 	0.000 	0.000 	0.000 	0.000 	0.000 	0.000 	0.000 	0.000 
0.000 	0.000 	0.000 	0.000 	0.000 	0.000 	0.000 	0.000 	0.000 	0.000 	0.000 	0.000 	0.000 	0.000 	0.000 	0.000 	0.000 	0.000 	0.050 	0.272 	0.000 	0.000 	0.000 	0.000 	0.000 	0.000 	0.000 	0.000 	0.000 	0.000 	0.000 	0.000 	0.000 	0.000 	0.000 	0.000 	0.000 	0.000 	0.000 	0.000 	0.000 	0.000 	0.000 	0.000 	0.000 	0.000 	0.000 	0.000 	0.000 	0.000 	0.000 	0.000 	0.000 	0.000 	0.000 	0.000 	0.000 	0.000 	0.000 	0.000 	0.000 	0.000 	0.000 	0.000 
0.000 	0.000 	0.000 	0.000 	0.000 	0.000 	0.000 	0.000 	0.000 	0.000 	0.000 	0.000 	0.000 	0.000 	0.000 	0.000 	0.000 	0.000 	0.050 	0.272 	0.000 	0.000 	0.000 	0.000 	0.000 	0.000 	0.000 	0.000 	0.000 	0.000 	0.000 	0.000 	0.000 	0.000 	0.000 	0.000 	0.000 	0.000 	0.000 	0.000 	0.000 	0.000 	0.000 	0.000 	0.000 	0.000 	0.000 	0.000 	0.000 	0.000 	0.000 	0.000 	0.000 	0.000 	0.000 	0.000 	0.000 	0.000 	0.000 	0.000 	0.000 	0.000 	0.000 	0.000 
0.000 	0.000 	0.000 	0.000 	0.000 	0.000 	0.000 	0.000 	0.000 	0.000 	0.000 	0.000 	0.000 	0.000 	0.000 	0.000 	0.000 	0.000 	0.050 	0.272 	0.000 	0.000 	0.000 	0.000 	0.000 	0.000 	0.000 	0.000 	0.000 	0.000 	0.000 	0.000 	0.000 	0.000 	0.000 	0.000 	0.000 	0.000 	0.000 	0.000 	0.000 	0.000 	0.000 	0.000 	0.000 	0.000 	0.000 	0.000 	0.000 	0.000 	0.000 	0.000 	0.000 	0.000 	0.000 	0.000 	0.000 	0.000 	0.000 	0.000 	0.000 	0.000 	0.000 	0.000 
0.000 	0.000 	0.000 	0.000 	0.000 	0.000 	0.000 	0.000 	0.000 	0.000 	0.000 	0.000 	0.000 	0.000 	0.000 	0.000 	0.000 	0.000 	0.050 	0.272 	0.000 	0.000 	0.000 	0.000 	0.000 	0.000 	0.000 	0.000 	0.000 	0.000 	0.000 	0.000 	0.000 	0.000 	0.000 	0.000 	0.000 	0.000 	0.000 	0.000 	0.000 	0.000 	0.000 	0.000 	0.000 	0.000 	0.000 	0.000 	0.000 	0.000 	0.000 	0.000 	0.000 	0.000 	0.000 	0.000 	0.000 	0.000 	0.000 	0.000 	0.000 	0.000 	0.000 	0.000 
0.000 	0.000 	0.000 	0.000 	0.000 	0.000 	0.000 	0.000 	0.000 	0.000 	0.000 	0.000 	0.000 	0.000 	0.000 	0.000 	0.000 	0.000 	0.050 	0.272 	0.000 	0.000 	0.000 	0.000 	0.000 	0.000 	0.000 	0.000 	0.000 	0.000 	0.000 	0.000 	0.000 	0.000 	0.000 	0.000 	0.000 	0.000 	0.000 	0.000 	0.000 	0.000 	0.000 	0.000 	0.000 	0.000 	0.000 	0.000 	0.000 	0.000 	0.000 	0.000 	0.000 	0.000 	0.000 	0.000 	0.000 	0.000 	0.000 	0.000 	0.000 	0.000 	0.000 	0.000 
0.000 	0.000 	0.000 	0.000 	0.000 	0.000 	0.000 	0.000 	0.000 	0.000 	0.000 	0.000 	0.000 	0.000 	0.000 	0.000 	0.000 	0.000 	0.000 	0.000 	0.000 	0.000 	0.000 	0.000 	0.000 	0.000 	0.000 	0.000 	0.000 	0.000 	0.000 	0.000 	0.000 	0.000 	0.000 	0.000 	0.000 	0.000 	0.000 	0.000 	0.000 	0.000 	0.000 	0.000 	0.000 	0.000 	0.000 	0.000 	0.000 	0.000 	0.000 	0.000 	0.000 	0.000 	0.000 	0.000 	0.000 	0.000 	0.000 	0.000 	0.000 	0.000 	0.000 	0.000 
0.000 	0.000 	0.000 	0.000 	0.000 	0.000 	0.000 	0.000 	0.000 	0.000 	0.000 	0.000 	0.000 	0.000 	0.000 	0.000 	0.000 	0.000 	0.000 	0.092 	0.289 	0.000 	0.000 	0.000 	0.000 	0.000 	0.000 	0.000 	0.000 	0.000 	0.000 	0.000 	0.000 	0.000 	0.000 	0.000 	0.000 	0.000 	0.000 	0.000 	0.000 	0.000 	0.000 	0.000 	0.000 	0.000 	0.000 	0.000 	0.000 	0.000 	0.000 	0.000 	0.000 	0.000 	0.000 	0.000 	0.000 	0.000 	0.000 	0.000 	0.000 	0.000 	0.000 	0.000 
0.000 	0.000 	0.000 	0.000 	0.000 	0.000 	0.000 	0.000 	0.000 	0.000 	0.000 	0.000 	0.000 	0.000 	0.000 	0.199 	0.000 	0.000 	0.000 	0.000 	0.000 	0.000 	0.000 	0.000 	0.000 	0.000 	0.000 	0.000 	0.000 	0.000 	0.000 	0.000 	0.000 	0.000 	0.000 	0.000 	0.000 	0.000 	0.000 	0.000 	0.000 	0.000 	0.000 	0.000 	0.000 	0.000 	0.000 	0.000 	0.000 	0.000 	0.000 	0.000 	0.000 	0.000 	0.000 	0.000 	0.000 	0.000 	0.000 	0.000 	0.000 	0.000 	0.000 	0.000 
0.000 	0.000 	0.000 	0.000 	0.000 	0.000 	0.000 	0.000 	0.000 	0.000 	0.000 	0.000 	0.000 	0.000 	0.000 	0.000 	0.000 	0.000 	0.000 	0.000 	0.000 	0.000 	0.000 	0.000 	0.000 	0.000 	0.000 	0.000 	0.000 	0.000 	0.000 	0.000 	0.000 	0.000 	0.000 	0.000 	0.000 	0.000 	0.000 	0.000 	0.000 	0.000 	0.000 	0.000 	0.000 	0.000 	0.000 	0.000 	0.000 	0.000 	0.000 	0.000 	0.000 	0.000 	0.000 	0.000 	0.000 	0.000 	0.000 	0.000 	0.000 	0.000 	0.000 	0.000 
0.000 	0.000 	0.000 	0.000 	0.000 	0.000 	0.000 	0.000 	0.000 	0.000 	0.000 	0.000 	0.000 	0.000 	0.000 	0.000 	0.000 	0.000 	0.000 	0.000 	0.168 	0.000 	0.000 	0.000 	0.000 	0.000 	0.000 	0.000 	0.000 	0.000 	0.000 	0.000 	0.000 	0.000 	0.000 	0.000 	0.000 	0.000 	0.000 	0.000 	0.000 	0.000 	0.000 	0.000 	0.000 	0.000 	0.000 	0.000 	0.000 	0.000 	0.000 	0.000 	0.000 	0.000 	0.000 	0.000 	0.000 	0.000 	0.000 	0.000 	0.000 	0.000 	0.000 	0.000 
0.000 	0.000 	0.000 	0.000 	0.000 	0.000 	0.000 	0.000 	0.000 	0.000 	0.000 	0.000 	0.101 	0.000 	0.000 	0.092 	0.000 	0.000 	0.000 	0.000 	0.000 	0.000 	0.000 	0.000 	0.000 	0.000 	0.000 	0.000 	0.000 	0.000 	0.000 	0.000 	0.000 	0.000 	0.000 	0.000 	0.000 	0.000 	0.000 	0.000 	0.000 	0.000 	0.000 	0.000 	0.000 	0.000 	0.000 	0.000 	0.000 	0.000 	0.000 	0.000 	0.000 	0.000 	0.000 	0.000 	0.000 	0.000 	0.000 	0.000 	0.000 	0.000 	0.000 	0.000 
0.000 	0.000 	0.000 	0.000 	0.000 	0.000 	0.000 	0.000 	0.000 	0.000 	0.000 	0.000 	0.000 	0.000 	0.000 	0.000 	0.000 	0.084 	0.000 	0.000 	0.000 	0.000 	0.000 	0.000 	0.000 	0.000 	0.000 	0.000 	0.000 	0.000 	0.000 	0.000 	0.000 	0.000 	0.000 	0.000 	0.000 	0.000 	0.000 	0.000 	0.000 	0.000 	0.000 	0.000 	0.000 	0.000 	0.000 	0.000 	0.000 	0.000 	0.000 	0.000 	0.000 	0.000 	0.000 	0.000 	0.000 	0.000 	0.000 	0.000 	0.000 	0.000 	0.000 	0.000 
0.000 	0.000 	0.000 	0.000 	0.000 	0.000 	0.000 	0.000 	0.000 	0.000 	0.000 	0.000 	0.000 	0.220 	0.000 	0.000 	0.000 	0.000 	0.000 	0.000 	0.000 	0.000 	0.000 	0.000 	0.000 	0.000 	0.000 	0.000 	0.000 	0.000 	0.000 	0.000 	0.000 	0.000 	0.000 	0.000 	0.000 	0.000 	0.000 	0.000 	0.000 	0.000 	0.000 	0.000 	0.000 	0.000 	0.000 	0.000 	0.000 	0.000 	0.000 	0.000 	0.000 	0.000 	0.000 	0.000 	0.000 	0.000 	0.000 	0.000 	0.000 	0.000 	0.000 	0.000 
0.000 	0.000 	0.000 	0.000 	0.000 	0.000 	0.000 	0.000 	0.000 	0.000 	0.000 	0.000 	0.000 	0.298 	0.000 	0.000 	0.000 	0.000 	0.000 	0.000 	0.000 	0.000 	0.000 	0.000 	0.000 	0.000 	0.000 	0.000 	0.000 	0.000 	0.000 	0.000 	0.000 	0.000 	0.000 	0.000 	0.000 	0.000 	0.000 	0.000 	0.000 	0.000 	0.000 	0.000 	0.000 	0.000 	0.000 	0.000 	0.000 	0.000 	0.000 	0.000 	0.000 	0.000 	0.000 	0.000 	0.000 	0.000 	0.000 	0.000 	0.000 	0.000 	0.000 	0.000 
0.000 	0.000 	0.000 	0.000 	0.000 	0.000 	0.000 	0.000 	0.000 	0.000 	0.000 	0.000 	0.000 	0.000 	0.000 	0.157 	0.132 	0.000 	0.000 	0.000 	0.000 	0.000 	0.000 	0.000 	0.000 	0.000 	0.000 	0.000 	0.000 	0.000 	0.000 	0.000 	0.000 	0.000 	0.000 	0.000 	0.000 	0.000 	0.000 	0.000 	0.000 	0.000 	0.000 	0.000 	0.000 	0.000 	0.000 	0.000 	0.000 	0.000 	0.000 	0.000 	0.000 	0.000 	0.000 	0.000 	0.000 	0.000 	0.000 	0.000 	0.000 	0.000 	0.000 	0.000 
0.000 	0.000 	0.000 	0.000 	0.000 	0.000 	0.000 	0.000 	0.000 	0.000 	0.000 	0.000 	0.000 	0.000 	0.000 	0.000 	0.000 	0.000 	0.000 	0.000 	0.000 	0.000 	0.000 	0.000 	0.000 	0.000 	0.000 	0.000 	0.000 	0.000 	0.000 	0.000 	0.000 	0.000 	0.000 	0.000 	0.000 	0.000 	0.000 	0.000 	0.000 	0.000 	0.000 	0.000 	0.000 	0.000 	0.000 	0.000 	0.000 	0.000 	0.000 	0.000 	0.000 	0.000 	0.000 	0.000 	0.000 	0.000 	0.000 	0.000 	0.000 	0.000 	0.000 	0.000 
0.000 	0.000 	0.000 	0.000 	0.000 	0.000 	0.000 	0.000 	0.000 	0.000 	0.000 	0.000 	0.000 	0.000 	0.000 	0.000 	0.000 	0.000 	0.000 	0.000 	0.000 	0.000 	0.000 	0.000 	0.000 	0.000 	0.000 	0.000 	0.000 	0.000 	0.000 	0.000 	0.000 	0.000 	0.000 	0.000 	0.000 	0.000 	0.000 	0.000 	0.000 	0.000 	0.000 	0.000 	0.000 	0.000 	0.000 	0.000 	0.000 	0.000 	0.000 	0.000 	0.000 	0.000 	0.000 	0.000 	0.000 	0.000 	0.000 	0.000 	0.000 	0.000 	0.000 	0.000 
0.000 	0.000 	0.000 	0.000 	0.000 	0.000 	0.000 	0.000 	0.000 	0.000 	0.000 	0.000 	0.000 	0.000 	0.000 	0.000 	0.000 	0.000 	0.000 	0.000 	0.000 	0.000 	0.000 	0.000 	0.000 	0.000 	0.000 	0.000 	0.000 	0.000 	0.000 	0.000 	0.000 	0.000 	0.000 	0.000 	0.000 	0.000 	0.000 	0.000 	0.000 	0.000 	0.000 	0.000 	0.000 	0.000 	0.000 	0.000 	0.000 	0.000 	0.000 	0.000 	0.000 	0.000 	0.000 	0.000 	0.000 	0.000 	0.000 	0.000 	0.000 	0.000 	0.000 	0.000 
0.000 	0.000 	0.000 	0.000 	0.000 	0.000 	0.000 	0.000 	0.000 	0.000 	0.000 	0.000 	0.000 	0.000 	0.000 	0.000 	0.000 	0.000 	0.000 	0.000 	0.000 	0.000 	0.000 	0.000 	0.000 	0.000 	0.000 	0.000 	0.000 	0.000 	0.000 	0.000 	0.000 	0.000 	0.000 	0.000 	0.000 	0.000 	0.000 	0.000 	0.000 	0.000 	0.000 	0.000 	0.000 	0.000 	0.000 	0.000 	0.000 	0.000 	0.000 	0.000 	0.000 	0.000 	0.000 	0.000 	0.000 	0.000 	0.000 	0.000 	0.000 	0.000 	0.000 	0.000 
0.000 	0.000 	0.000 	0.000 	0.000 	0.000 	0.000 	0.099 	0.000 	0.000 	0.000 	0.000 	0.000 	0.000 	0.000 	0.000 	0.000 	0.000 	0.000 	0.000 	0.000 	0.000 	0.000 	0.000 	0.000 	0.000 	0.000 	0.000 	0.000 	0.000 	0.000 	0.000 	0.000 	0.000 	0.000 	0.000 	0.000 	0.000 	0.000 	0.000 	0.000 	0.000 	0.000 	0.000 	0.000 	0.000 	0.000 	0.000 	0.000 	0.000 	0.000 	0.000 	0.000 	0.000 	0.000 	0.000 	0.000 	0.000 	0.000 	0.000 	0.000 	0.000 	0.000 	0.000 
0.000 	0.000 	0.000 	0.000 	0.000 	0.000 	0.000 	0.000 	0.000 	0.000 	0.000 	0.000 	0.000 	0.000 	0.000 	0.000 	0.000 	0.000 	0.000 	0.000 	0.000 	0.000 	0.000 	0.000 	0.000 	0.000 	0.000 	0.000 	0.000 	0.000 	0.000 	0.000 	0.000 	0.000 	0.000 	0.000 	0.000 	0.000 	0.000 	0.000 	0.000 	0.000 	0.000 	0.000 	0.000 	0.000 	0.000 	0.000 	0.000 	0.000 	0.000 	0.000 	0.000 	0.000 	0.000 	0.000 	0.000 	0.000 	0.000 	0.000 	0.000 	0.000 	0.000 	0.000 
0.000 	0.000 	0.000 	0.000 	0.000 	0.000 	0.000 	0.000 	0.000 	0.000 	0.000 	0.000 	0.000 	0.000 	0.000 	0.000 	0.000 	0.000 	0.000 	0.000 	0.000 	0.000 	0.000 	0.000 	0.000 	0.000 	0.000 	0.000 	0.000 	0.000 	0.000 	0.000 	0.000 	0.000 	0.000 	0.000 	0.000 	0.000 	0.000 	0.000 	0.000 	0.000 	0.000 	0.000 	0.000 	0.000 	0.000 	0.000 	0.000 	0.000 	0.000 	0.000 	0.000 	0.000 	0.000 	0.000 	0.000 	0.000 	0.000 	0.000 	0.000 	0.000 	0.000 	0.000 
0.000 	0.000 	0.000 	0.000 	0.000 	0.000 	0.000 	0.000 	0.000 	0.000 	0.000 	0.000 	0.000 	0.000 	0.000 	0.000 	0.000 	0.000 	0.000 	0.000 	0.000 	0.000 	0.000 	0.000 	0.000 	0.000 	0.000 	0.000 	0.000 	0.000 	0.000 	0.000 	0.000 	0.000 	0.000 	0.000 	0.000 	0.000 	0.000 	0.000 	0.000 	0.000 	0.000 	0.000 	0.000 	0.000 	0.000 	0.000 	0.000 	0.000 	0.000 	0.000 	0.000 	0.000 	0.000 	0.000 	0.000 	0.000 	0.000 	0.000 	0.000 	0.000 	0.000 	0.000 
0.000 	0.000 	0.000 	0.000 	0.000 	0.000 	0.000 	0.000 	0.000 	0.000 	0.000 	0.000 	0.000 	0.000 	0.000 	0.000 	0.000 	0.000 	0.000 	0.000 	0.000 	0.000 	0.000 	0.000 	0.000 	0.000 	0.000 	0.000 	0.000 	0.000 	0.000 	0.000 	0.000 	0.000 	0.000 	0.000 	0.000 	0.000 	0.000 	0.000 	0.000 	0.000 	0.000 	0.000 	0.000 	0.000 	0.000 	0.000 	0.000 	0.000 	0.000 	0.000 	0.000 	0.000 	0.000 	0.000 	0.000 	0.000 	0.000 	0.000 	0.000 	0.000 	0.000 	0.000 
0.000 	0.000 	0.000 	0.000 	0.000 	0.000 	0.000 	0.000 	0.000 	0.000 	0.000 	0.000 	0.000 	0.000 	0.000 	0.000 	0.000 	0.000 	0.000 	0.000 	0.000 	0.000 	0.000 	0.000 	0.000 	0.000 	0.000 	0.000 	0.000 	0.000 	0.000 	0.000 	0.000 	0.000 	0.000 	0.000 	0.000 	0.000 	0.000 	0.000 	0.000 	0.000 	0.000 	0.000 	0.000 	0.000 	0.000 	0.000 	0.000 	0.000 	0.000 	0.000 	0.000 	0.000 	0.000 	0.000 	0.000 	0.000 	0.000 	0.000 	0.000 	0.000 	0.000 	0.000 
0.000 	0.000 	0.000 	0.000 	0.000 	0.000 	0.000 	0.000 	0.000 	0.000 	0.000 	0.000 	0.000 	0.000 	0.000 	0.000 	0.000 	0.000 	0.000 	0.000 	0.000 	0.000 	0.000 	0.000 	0.000 	0.000 	0.000 	0.000 	0.000 	0.000 	0.000 	0.000 	0.000 	0.000 	0.000 	0.000 	0.000 	0.000 	0.000 	0.000 	0.000 	0.000 	0.000 	0.000 	0.000 	0.000 	0.000 	0.000 	0.000 	0.000 	0.000 	0.000 	0.000 	0.000 	0.000 	0.000 	0.000 	0.000 	0.000 	0.000 	0.000 	0.000 	0.000 	0.000 
0.000 	0.000 	0.000 	0.000 	0.000 	0.000 	0.000 	0.000 	0.000 	0.000 	0.000 	0.000 	0.000 	0.000 	0.000 	0.000 	0.000 	0.000 	0.000 	0.000 	0.000 	0.000 	0.000 	0.000 	0.000 	0.000 	0.000 	0.000 	0.000 	0.000 	0.000 	0.000 	0.000 	0.000 	0.000 	0.000 	0.000 	0.000 	0.000 	0.000 	0.000 	0.000 	0.000 	0.000 	0.000 	0.000 	0.000 	0.000 	0.000 	0.000 	0.000 	0.000 	0.000 	0.000 	0.000 	0.000 	0.000 	0.000 	0.000 	0.000 	0.000 	0.000 	0.000 	0.000 
0.000 	0.000 	0.000 	0.000 	0.000 	0.000 	0.000 	0.000 	0.000 	0.000 	0.000 	0.000 	0.000 	0.000 	0.000 	0.000 	0.000 	0.000 	0.000 	0.000 	0.000 	0.000 	0.000 	0.000 	0.000 	0.000 	0.000 	0.000 	0.000 	0.000 	0.000 	0.000 	0.000 	0.000 	0.000 	0.000 	0.000 	0.000 	0.000 	0.000 	0.000 	0.000 	0.000 	0.000 	0.000 	0.000 	0.000 	0.000 	0.000 	0.000 	0.000 	0.000 	0.000 	0.000 	0.000 	0.000 	0.000 	0.000 	0.000 	0.000 	0.000 	0.000 	0.000 	0.000 
0.000 	0.000 	0.000 	0.000 	0.000 	0.000 	0.000 	0.000 	0.000 	0.000 	0.000 	0.000 	0.000 	0.000 	0.000 	0.000 	0.000 	0.000 	0.000 	0.000 	0.000 	0.000 	0.000 	0.000 	0.000 	0.000 	0.000 	0.000 	0.000 	0.000 	0.000 	0.000 	0.000 	0.000 	0.000 	0.000 	0.000 	0.000 	0.000 	0.000 	0.000 	0.000 	0.000 	0.000 	0.000 	0.000 	0.000 	0.000 	0.000 	0.000 	0.000 	0.000 	0.000 	0.000 	0.000 	0.000 	0.000 	0.000 	0.000 	0.000 	0.000 	0.000 	0.000 	0.000 
0.000 	0.000 	0.000 	0.000 	0.000 	0.000 	0.000 	0.000 	0.337 	0.721 	0.000 	0.000 	0.000 	0.000 	0.000 	0.000 	0.000 	0.000 	0.000 	0.000 	0.000 	0.000 	0.000 	0.000 	0.000 	0.000 	0.000 	0.000 	0.000 	0.000 	0.000 	0.000 	0.000 	0.000 	0.000 	0.000 	0.000 	0.000 	0.000 	0.000 	0.000 	0.000 	0.000 	0.000 	0.000 	0.000 	0.000 	0.000 	0.000 	0.000 	0.000 	0.000 	0.000 	0.000 	0.000 	0.000 	0.000 	0.000 	0.000 	0.000 	0.000 	0.000 	0.000 	0.000 
0.000 	0.000 	0.000 	0.000 	0.000 	0.000 	0.000 	0.000 	0.266 	0.503 	0.000 	0.000 	0.000 	0.000 	0.000 	0.000 	0.000 	0.000 	0.000 	0.000 	0.000 	0.000 	0.000 	0.000 	0.000 	0.000 	0.000 	0.000 	0.000 	0.000 	0.000 	0.000 	0.000 	0.000 	0.000 	0.000 	0.000 	0.000 	0.000 	0.000 	0.000 	0.000 	0.000 	0.000 	0.000 	0.000 	0.000 	0.000 	0.000 	0.000 	0.000 	0.000 	0.000 	0.000 	0.000 	0.000 	0.000 	0.000 	0.000 	0.000 	0.000 	0.000 	0.000 	0.000 
0.000 	0.000 	0.000 	0.000 	0.000 	0.000 	0.000 	0.000 	0.000 	0.671 	0.000 	0.000 	0.000 	0.000 	0.000 	0.000 	0.000 	0.000 	0.000 	0.000 	0.000 	0.000 	0.000 	0.000 	0.000 	0.000 	0.000 	0.000 	0.000 	0.000 	0.000 	0.000 	0.000 	0.000 	0.000 	0.000 	0.000 	0.000 	0.000 	0.000 	0.000 	0.000 	0.000 	0.000 	0.000 	0.000 	0.000 	0.000 	0.000 	0.000 	0.000 	0.000 	0.000 	0.000 	0.000 	0.000 	0.000 	0.000 	0.000 	0.000 	0.000 	0.000 	0.000 	0.000 
0.000 	0.000 	0.000 	0.000 	0.000 	0.000 	0.000 	0.000 	0.000 	0.793 	0.478 	0.036 	0.000 	0.000 	0.000 	0.000 	0.000 	0.000 	0.000 	0.000 	0.000 	0.000 	0.000 	0.000 	0.000 	0.000 	0.000 	0.000 	0.000 	0.000 	0.000 	0.000 	0.000 	0.000 	0.000 	0.000 	0.000 	0.000 	0.000 	0.000 	0.000 	0.000 	0.000 	0.000 	0.000 	0.000 	0.000 	0.000 	0.000 	0.000 	0.000 	0.000 	0.000 	0.000 	0.000 	0.000 	0.000 	0.000 	0.000 	0.000 	0.000 	0.000 	0.000 	0.000 
0.000 	0.000 	0.000 	0.000 	0.000 	0.000 	0.000 	0.000 	0.000 	0.000 	0.000 	0.000 	0.000 	0.000 	0.000 	0.000 	0.000 	0.000 	0.000 	0.000 	0.000 	0.000 	0.000 	0.000 	0.000 	0.000 	0.000 	0.000 	0.000 	0.000 	0.000 	0.000 	0.000 	0.000 	0.000 	0.000 	0.000 	0.000 	0.000 	0.000 	0.000 	0.000 	0.000 	0.000 	0.000 	0.000 	0.000 	0.000 	0.000 	0.000 	0.000 	0.000 	0.000 	0.000 	0.000 	0.000 	0.000 	0.000 	0.000 	0.000 	0.000 	0.000 	0.000 	0.000 
0.000 	0.000 	0.000 	0.000 	0.000 	0.000 	0.000 	0.000 	0.000 	0.489 	0.000 	0.000 	0.000 	0.000 	0.000 	0.000 	0.000 	0.000 	0.000 	0.000 	0.000 	0.000 	0.000 	0.000 	0.000 	0.000 	0.000 	0.000 	0.000 	0.000 	0.000 	0.000 	0.000 	0.000 	0.000 	0.000 	0.000 	0.000 	0.000 	0.000 	0.000 	0.000 	0.000 	0.000 	0.000 	0.000 	0.000 	0.000 	0.000 	0.000 	0.000 	0.000 	0.000 	0.000 	0.000 	0.000 	0.000 	0.000 	0.000 	0.000 	0.000 	0.000 	0.000 	0.000 
0.000 	0.000 	0.000 	0.000 	0.000 	0.000 	0.000 	0.000 	0.000 	0.289 	0.000 	0.000 	0.000 	0.000 	0.413 	0.000 	0.000 	0.000 	0.000 	0.000 	0.000 	0.000 	0.000 	0.000 	0.000 	0.000 	0.000 	0.000 	0.000 	0.000 	0.000 	0.000 	0.000 	0.000 	0.000 	0.000 	0.000 	0.000 	0.000 	0.000 	0.000 	0.000 	0.000 	0.000 	0.000 	0.000 	0.000 	0.000 	0.000 	0.000 	0.000 	0.000 	0.000 	0.000 	0.000 	0.000 	0.000 	0.000 	0.000 	0.000 	0.000 	0.000 	0.000 	0.000 
0.000 	0.000 	0.000 	0.000 	0.000 	0.000 	0.000 	0.000 	0.000 	0.000 	0.000 	0.000 	0.000 	0.000 	0.000 	0.000 	0.000 	0.000 	0.000 	0.000 	0.000 	0.000 	0.000 	0.000 	0.000 	0.000 	0.000 	0.000 	0.000 	0.000 	0.000 	0.000 	0.000 	0.000 	0.000 	0.000 	0.000 	0.000 	0.000 	0.000 	0.000 	0.000 	0.000 	0.000 	0.000 	0.000 	0.000 	0.000 	0.000 	0.000 	0.000 	0.000 	0.000 	0.000 	0.000 	0.000 	0.000 	0.000 	0.000 	0.000 	0.000 	0.000 	0.000 	0.000 
0.000 	0.000 	0.000 	0.000 	0.000 	0.000 	0.000 	0.000 	0.000 	0.000 	0.000 	0.000 	0.501 	0.000 	0.394 	0.000 	0.000 	0.000 	0.000 	0.000 	0.000 	0.000 	0.000 	0.000 	0.000 	0.000 	0.000 	0.000 	0.000 	0.000 	0.000 	0.000 	0.000 	0.000 	0.000 	0.000 	0.000 	0.000 	0.000 	0.000 	0.000 	0.000 	0.000 	0.000 	0.000 	0.000 	0.000 	0.000 	0.000 	0.000 	0.000 	0.000 	0.000 	0.000 	0.000 	0.000 	0.000 	0.000 	0.000 	0.000 	0.000 	0.000 	0.000 	0.000 
0.000 	0.000 	0.000 	0.000 	0.000 	0.000 	0.000 	0.000 	0.000 	0.000 	0.000 	0.000 	0.709 	0.000 	0.000 	0.396 	0.000 	0.000 	0.000 	0.000 	0.000 	0.000 	0.000 	0.000 	0.000 	0.000 	0.000 	0.000 	0.000 	0.000 	0.000 	0.000 	0.000 	0.000 	0.000 	0.000 	0.000 	0.000 	0.000 	0.000 	0.000 	0.000 	0.000 	0.000 	0.000 	0.000 	0.000 	0.000 	0.000 	0.000 	0.000 	0.000 	0.000 	0.000 	0.000 	0.000 	0.000 	0.000 	0.000 	0.000 	0.000 	0.000 	0.000 	0.000 
0.000 	0.000 	0.000 	0.000 	0.000 	0.000 	0.000 	0.000 	0.000 	0.000 	0.000 	0.000 	0.388 	0.625 	0.000 	0.380 	0.250 	0.000 	0.000 	0.000 	0.000 	0.000 	0.000 	0.000 	0.000 	0.000 	0.000 	0.000 	0.000 	0.000 	0.000 	0.000 	0.000 	0.000 	0.000 	0.000 	0.000 	0.000 	0.000 	0.000 	0.000 	0.000 	0.000 	0.000 	0.000 	0.000 	0.000 	0.000 	0.000 	0.000 	0.000 	0.000 	0.000 	0.000 	0.000 	0.000 	0.000 	0.000 	0.000 	0.000 	0.000 	0.000 	0.000 	0.000 
0.000 	0.000 	0.000 	0.000 	0.000 	0.000 	0.000 	0.000 	0.000 	0.000 	0.000 	0.000 	0.000 	0.478 	0.388 	0.000 	0.000 	0.000 	0.000 	0.000 	0.000 	0.000 	0.000 	0.000 	0.000 	0.000 	0.000 	0.000 	0.000 	0.000 	0.000 	0.000 	0.000 	0.000 	0.000 	0.000 	0.000 	0.000 	0.000 	0.000 	0.000 	0.000 	0.000 	0.000 	0.000 	0.000 	0.000 	0.000 	0.000 	0.000 	0.000 	0.000 	0.000 	0.000 	0.000 	0.000 	0.000 	0.000 	0.000 	0.000 	0.000 	0.000 	0.000 	0.000 
0.000 	0.000 	0.000 	0.000 	0.000 	0.000 	0.000 	0.000 	0.000 	0.000 	0.000 	0.000 	0.000 	0.000 	0.300 	0.000 	0.394 	0.000 	0.000 	0.000 	0.000 	0.000 	0.000 	0.000 	0.000 	0.000 	0.000 	0.000 	0.000 	0.000 	0.000 	0.000 	0.000 	0.000 	0.000 	0.000 	0.000 	0.000 	0.000 	0.000 	0.000 	0.000 	0.000 	0.000 	0.000 	0.000 	0.000 	0.000 	0.000 	0.000 	0.000 	0.000 	0.000 	0.000 	0.000 	0.000 	0.000 	0.000 	0.000 	0.000 	0.000 	0.000 	0.000 	0.000 
0.000 	0.000 	0.000 	0.000 	0.000 	0.000 	0.000 	0.000 	0.000 	0.000 	0.000 	0.000 	0.000 	0.000 	0.000 	0.000 	0.000 	0.658 	0.576 	0.000 	0.000 	0.000 	0.000 	0.000 	0.000 	0.000 	0.000 	0.000 	0.000 	0.000 	0.000 	0.000 	0.000 	0.000 	0.000 	0.000 	0.000 	0.000 	0.000 	0.000 	0.000 	0.000 	0.000 	0.000 	0.000 	0.000 	0.000 	0.000 	0.000 	0.000 	0.000 	0.000 	0.000 	0.000 	0.000 	0.000 	0.000 	0.000 	0.000 	0.000 	0.000 	0.000 	0.000 	0.000 
0.000 	0.000 	0.000 	0.000 	0.000 	0.000 	0.000 	0.000 	0.000 	0.000 	0.000 	0.000 	0.000 	0.000 	0.000 	0.000 	0.000 	0.000 	0.000 	0.000 	0.000 	0.000 	0.000 	0.000 	0.000 	0.000 	0.000 	0.000 	0.000 	0.000 	0.000 	0.000 	0.000 	0.000 	0.000 	0.000 	0.000 	0.000 	0.000 	0.000 	0.000 	0.000 	0.000 	0.000 	0.000 	0.000 	0.000 	0.000 	0.000 	0.000 	0.000 	0.000 	0.000 	0.000 	0.000 	0.000 	0.000 	0.000 	0.000 	0.000 	0.000 	0.000 	0.000 	0.000 
0.000 	0.000 	0.000 	0.000 	0.000 	0.000 	0.000 	0.000 	0.000 	0.000 	0.000 	0.000 	0.000 	0.000 	0.000 	0.000 	0.000 	0.000 	0.000 	0.000 	0.000 	0.000 	0.000 	0.000 	0.000 	0.000 	0.000 	0.000 	0.000 	0.000 	0.000 	0.000 	0.000 	0.000 	0.000 	0.000 	0.000 	0.000 	0.000 	0.000 	0.000 	0.000 	0.000 	0.000 	0.000 	0.000 	0.000 	0.000 	0.000 	0.000 	0.000 	0.000 	0.000 	0.000 	0.000 	0.000 	0.000 	0.000 	0.000 	0.000 	0.000 	0.000 	0.000 	0.000 
0.000 	0.000 	0.000 	0.000 	0.000 	0.000 	0.000 	0.000 	0.000 	0.000 	0.000 	0.000 	0.000 	0.000 	0.000 	0.000 	0.000 	0.000 	0.000 	0.000 	0.000 	0.000 	0.000 	0.000 	0.000 	0.000 	0.000 	0.000 	0.000 	0.000 	0.000 	0.000 	0.000 	0.000 	0.000 	0.000 	0.000 	0.000 	0.000 	0.000 	0.000 	0.000 	0.000 	0.000 	0.000 	0.000 	0.000 	0.000 	0.000 	0.000 	0.000 	0.000 	0.000 	0.000 	0.000 	0.000 	0.000 	0.000 	0.000 	0.000 	0.000 	0.000 	0.000 	0.000 
0.000 	0.000 	0.000 	0.000 	0.000 	0.000 	0.000 	0.000 	0.000 	0.000 	0.000 	0.000 	0.000 	0.000 	0.000 	0.120 	0.000 	0.000 	0.000 	0.000 	0.000 	0.000 	0.000 	0.000 	0.000 	0.000 	0.000 	0.000 	0.000 	0.000 	0.000 	0.000 	0.000 	0.000 	0.000 	0.000 	0.000 	0.000 	0.000 	0.000 	0.000 	0.000 	0.000 	0.000 	0.000 	0.000 	0.000 	0.000 	0.000 	0.000 	0.000 	0.000 	0.000 	0.000 	0.000 	0.000 	0.000 	0.000 	0.000 	0.000 	0.000 	0.000 	0.000 	0.000 
0.000 	0.000 	0.000 	0.000 	0.000 	0.000 	0.000 	0.000 	0.000 	0.000 	0.000 	0.000 	0.000 	0.000 	0.000 	0.197 	0.000 	0.000 	0.000 	0.000 	0.000 	0.000 	0.000 	0.000 	0.000 	0.000 	0.000 	0.000 	0.000 	0.000 	0.000 	0.000 	0.000 	0.000 	0.000 	0.000 	0.000 	0.000 	0.000 	0.000 	0.000 	0.000 	0.000 	0.000 	0.000 	0.000 	0.000 	0.000 	0.000 	0.000 	0.000 	0.000 	0.000 	0.000 	0.000 	0.000 	0.000 	0.000 	0.000 	0.000 	0.000 	0.000 	0.000 	0.000 
0.000 	0.000 	0.000 	0.000 	0.000 	0.000 	0.000 	0.000 	0.000 	0.000 	0.000 	0.000 	0.000 	0.000 	0.000 	0.000 	0.000 	0.000 	0.000 	0.000 	0.000 	0.000 	0.000 	0.000 	0.000 	0.000 	0.000 	0.000 	0.000 	0.000 	0.000 	0.000 	0.000 	0.000 	0.000 	0.000 	0.000 	0.000 	0.000 	0.000 	0.000 	0.000 	0.000 	0.000 	0.000 	0.000 	0.000 	0.000 	0.000 	0.000 	0.000 	0.000 	0.000 	0.000 	0.000 	0.000 	0.000 	0.000 	0.000 	0.000 	0.000 	0.000 	0.000 	0.000 
0.000 	0.000 	0.000 	0.000 	0.000 	0.000 	0.000 	0.000 	0.000 	0.000 	0.000 	0.000 	0.000 	0.000 	0.000 	0.000 	0.000 	0.000 	0.000 	0.000 	0.000 	0.000 	0.000 	0.000 	0.000 	0.000 	0.000 	0.000 	0.000 	0.000 	0.000 	0.000 	0.000 	0.000 	0.000 	0.000 	0.000 	0.000 	0.000 	0.000 	0.000 	0.000 	0.000 	0.000 	0.000 	0.000 	0.000 	0.000 	0.000 	0.000 	0.000 	0.000 	0.000 	0.000 	0.000 	0.000 	0.000 	0.000 	0.000 	0.000 	0.000 	0.000 	0.000 	0.000 
0.000 	0.000 	0.000 	0.000 	0.000 	0.000 	0.000 	0.000 	0.000 	0.000 	0.000 	0.000 	0.000 	0.000 	0.000 	0.000 	0.038 	0.000 	0.000 	0.000 	0.000 	0.000 	0.000 	0.000 	0.000 	0.000 	0.000 	0.000 	0.000 	0.000 	0.000 	0.000 	0.000 	0.000 	0.000 	0.000 	0.000 	0.000 	0.000 	0.000 	0.000 	0.000 	0.000 	0.000 	0.000 	0.000 	0.000 	0.000 	0.000 	0.000 	0.000 	0.000 	0.000 	0.000 	0.000 	0.000 	0.000 	0.000 	0.000 	0.000 	0.000 	0.000 	0.000 	0.000 
0.000 	0.000 	0.000 	0.000 	0.000 	0.000 	0.000 	0.000 	0.000 	0.000 	0.000 	0.000 	0.000 	0.000 	0.000 	0.000 	0.000 	0.000 	0.000 	0.000 	0.000 	0.000 	0.000 	0.000 	0.000 	0.000 	0.000 	0.000 	0.000 	0.000 	0.000 	0.000 	0.000 	0.000 	0.000 	0.000 	0.000 	0.000 	0.000 	0.000 	0.000 	0.000 	0.000 	0.000 	0.000 	0.000 	0.000 	0.000 	0.000 	0.000 	0.000 	0.000 	0.000 	0.000 	0.000 	0.000 	0.000 	0.000 	0.000 	0.000 	0.000 	0.000 	0.000 	0.000 
0.000 	0.000 	0.000 	0.000 	0.000 	0.000 	0.000 	0.000 	0.000 	0.000 	0.000 	0.000 	0.000 	0.000 	0.000 	0.000 	0.000 	0.000 	0.000 	0.000 	0.000 	0.000 	0.000 	0.000 	0.000 	0.000 	0.000 	0.000 	0.000 	0.000 	0.000 	0.000 	0.000 	0.000 	0.000 	0.000 	0.000 	0.000 	0.000 	0.000 	0.000 	0.000 	0.000 	0.000 	0.000 	0.000 	0.000 	0.000 	0.000 	0.000 	0.000 	0.000 	0.000 	0.000 	0.000 	0.000 	0.000 	0.000 	0.000 	0.000 	0.000 	0.000 	0.000 	0.000 
0.000 	0.000 	0.000 	0.000 	0.000 	0.000 	0.000 	0.000 	0.000 	0.000 	0.000 	0.000 	0.000 	0.000 	0.000 	0.000 	0.000 	0.000 	0.143 	0.000 	0.446 	0.000 	0.000 	0.000 	0.000 	0.000 	0.000 	0.000 	0.000 	0.000 	0.000 	0.000 	0.000 	0.000 	0.000 	0.000 	0.000 	0.000 	0.000 	0.000 	0.000 	0.000 	0.000 	0.000 	0.000 	0.000 	0.000 	0.000 	0.000 	0.000 	0.000 	0.000 	0.000 	0.000 	0.000 	0.000 	0.000 	0.000 	0.000 	0.000 	0.000 	0.000 	0.000 	0.000 
0.000 	0.000 	0.000 	0.000 	0.000 	0.000 	0.000 	0.000 	0.000 	0.000 	0.000 	0.000 	0.000 	0.000 	0.000 	0.000 	0.000 	0.000 	0.000 	0.226 	0.430 	0.000 	0.000 	0.000 	0.000 	0.000 	0.000 	0.000 	0.000 	0.000 	0.000 	0.000 	0.000 	0.000 	0.000 	0.000 	0.000 	0.000 	0.000 	0.000 	0.000 	0.000 	0.000 	0.000 	0.000 	0.000 	0.000 	0.000 	0.000 	0.000 	0.000 	0.000 	0.000 	0.000 	0.000 	0.000 	0.000 	0.000 	0.000 	0.000 	0.000 	0.000 	0.000 	0.000 
0.000 	0.000 	0.000 	0.000 	0.000 	0.000 	0.000 	0.000 	0.000 	0.000 	0.000 	0.000 	0.000 	0.000 	0.000 	0.000 	0.000 	0.000 	0.000 	0.000 	0.637 	0.562 	0.256 	0.000 	0.000 	0.000 	0.000 	0.000 	0.000 	0.000 	0.000 	0.000 	0.000 	0.000 	0.000 	0.000 	0.000 	0.000 	0.000 	0.000 	0.000 	0.000 	0.000 	0.000 	0.000 	0.000 	0.000 	0.000 	0.000 	0.000 	0.000 	0.000 	0.000 	0.000 	0.000 	0.000 	0.000 	0.000 	0.000 	0.000 	0.000 	0.000 	0.000 	0.000 
0.000 	0.000 	0.000 	0.000 	0.000 	0.000 	0.000 	0.000 	0.000 	0.000 	0.000 	0.000 	0.000 	0.000 	0.000 	0.000 	0.000 	0.000 	0.000 	0.000 	0.000 	0.000 	0.421 	0.000 	0.000 	0.000 	0.000 	0.000 	0.000 	0.000 	0.000 	0.000 	0.000 	0.000 	0.000 	0.000 	0.000 	0.000 	0.000 	0.000 	0.000 	0.000 	0.000 	0.000 	0.000 	0.000 	0.000 	0.000 	0.000 	0.000 	0.000 	0.000 	0.000 	0.000 	0.000 	0.000 	0.000 	0.000 	0.000 	0.000 	0.000 	0.000 	0.000 	0.000 
0.000 	0.000 	0.000 	0.000 	0.000 	0.000 	0.000 	0.000 	0.000 	0.000 	0.000 	0.000 	0.000 	0.000 	0.000 	0.000 	0.000 	0.000 	0.000 	0.000 	0.533 	0.000 	0.000 	0.000 	0.000 	0.000 	0.000 	0.000 	0.000 	0.000 	0.000 	0.000 	0.000 	0.000 	0.000 	0.000 	0.000 	0.000 	0.000 	0.000 	0.000 	0.000 	0.000 	0.000 	0.000 	0.000 	0.000 	0.000 	0.000 	0.000 	0.000 	0.000 	0.000 	0.000 	0.000 	0.000 	0.000 	0.000 	0.000 	0.000 	0.000 	0.000 	0.000 	0.000 
0.000 	0.000 	0.000 	0.000 	0.000 	0.000 	0.000 	0.000 	0.000 	0.000 	0.000 	0.000 	0.000 	0.000 	0.000 	0.000 	0.000 	0.000 	0.000 	0.000 	0.000 	0.367 	0.254 	0.000 	0.191 	0.000 	0.000 	0.000 	0.000 	0.000 	0.000 	0.000 	0.000 	0.000 	0.000 	0.000 	0.000 	0.000 	0.000 	0.000 	0.000 	0.000 	0.000 	0.000 	0.000 	0.000 	0.000 	0.000 	0.000 	0.000 	0.000 	0.000 	0.000 	0.000 	0.000 	0.000 	0.000 	0.000 	0.000 	0.000 	0.000 	0.000 	0.000 	0.000 
0.000 	0.000 	0.000 	0.000 	0.000 	0.000 	0.000 	0.000 	0.000 	0.000 	0.000 	0.000 	0.000 	0.000 	0.000 	0.000 	0.000 	0.000 	0.000 	0.000 	0.170 	0.337 	0.000 	0.000 	0.096 	0.000 	0.000 	0.000 	0.000 	0.000 	0.000 	0.000 	0.000 	0.000 	0.000 	0.000 	0.000 	0.000 	0.000 	0.000 	0.000 	0.000 	0.000 	0.000 	0.000 	0.000 	0.000 	0.000 	0.000 	0.000 	0.000 	0.000 	0.000 	0.000 	0.000 	0.000 	0.000 	0.000 	0.000 	0.000 	0.000 	0.000 	0.000 	0.000 
0.000 	0.000 	0.000 	0.000 	0.000 	0.000 	0.000 	0.000 	0.000 	0.000 	0.000 	0.000 	0.000 	0.000 	0.000 	0.000 	0.000 	0.000 	0.000 	0.000 	0.000 	0.262 	0.442 	0.371 	0.000 	0.098 	0.000 	0.000 	0.000 	0.000 	0.000 	0.000 	0.000 	0.000 	0.000 	0.000 	0.000 	0.000 	0.000 	0.000 	0.000 	0.000 	0.000 	0.000 	0.000 	0.000 	0.000 	0.000 	0.000 	0.000 	0.000 	0.000 	0.000 	0.000 	0.000 	0.000 	0.000 	0.000 	0.000 	0.000 	0.000 	0.000 	0.000 	0.000 
0.000 	0.000 	0.000 	0.000 	0.000 	0.000 	0.000 	0.000 	0.000 	0.000 	0.000 	0.000 	0.000 	0.000 	0.000 	0.000 	0.000 	0.000 	0.000 	0.000 	0.000 	0.000 	0.000 	0.000 	0.350 	0.000 	0.000 	0.000 	0.000 	0.000 	0.000 	0.000 	0.000 	0.000 	0.000 	0.000 	0.000 	0.000 	0.000 	0.000 	0.000 	0.000 	0.000 	0.000 	0.000 	0.000 	0.000 	0.000 	0.000 	0.000 	0.000 	0.000 	0.000 	0.000 	0.000 	0.000 	0.000 	0.000 	0.000 	0.000 	0.000 	0.000 	0.000 	0.000 
0.000 	0.000 	0.000 	0.000 	0.000 	0.000 	0.000 	0.000 	0.000 	0.000 	0.000 	0.000 	0.000 	0.000 	0.000 	0.000 	0.000 	0.000 	0.000 	0.000 	0.000 	0.000 	0.000 	0.631 	0.000 	0.000 	0.000 	0.000 	0.000 	0.000 	0.000 	0.000 	0.000 	0.000 	0.000 	0.000 	0.000 	0.000 	0.000 	0.000 	0.000 	0.000 	0.000 	0.000 	0.000 	0.000 	0.000 	0.000 	0.000 	0.000 	0.000 	0.000 	0.000 	0.000 	0.000 	0.000 	0.000 	0.000 	0.000 	0.000 	0.000 	0.000 	0.000 	0.000 
0.000 	0.000 	0.000 	0.000 	0.000 	0.000 	0.000 	0.000 	0.000 	0.000 	0.000 	0.000 	0.000 	0.000 	0.000 	0.000 	0.000 	0.000 	0.000 	0.000 	0.000 	0.000 	0.000 	0.000 	0.000 	0.000 	0.000 	0.000 	0.000 	0.000 	0.000 	0.000 	0.000 	0.000 	0.000 	0.000 	0.000 	0.000 	0.000 	0.000 	0.000 	0.000 	0.000 	0.000 	0.000 	0.000 	0.000 	0.000 	0.000 	0.000 	0.000 	0.000 	0.000 	0.000 	0.000 	0.000 	0.000 	0.000 	0.000 	0.000 	0.000 	0.000 	0.000 	0.000 
0.000 	0.000 	0.000 	0.000 	0.000 	0.000 	0.000 	0.000 	0.000 	0.000 	0.000 	0.000 	0.000 	0.000 	0.000 	0.000 	0.000 	0.000 	0.000 	0.000 	0.000 	0.094 	0.000 	0.000 	0.000 	0.096 	0.000 	0.000 	0.000 	0.000 	0.000 	0.000 	0.000 	0.000 	0.000 	0.000 	0.000 	0.000 	0.000 	0.000 	0.000 	0.000 	0.000 	0.000 	0.000 	0.000 	0.000 	0.000 	0.000 	0.000 	0.000 	0.000 	0.000 	0.000 	0.000 	0.000 	0.000 	0.000 	0.000 	0.000 	0.000 	0.000 	0.000 	0.000 
0.000 	0.000 	0.000 	0.000 	0.000 	0.000 	0.000 	0.000 	0.000 	0.000 	0.000 	0.000 	0.000 	0.000 	0.000 	0.000 	0.000 	0.000 	0.000 	0.000 	0.000 	0.000 	0.197 	0.461 	0.470 	0.337 	0.000 	0.000 	0.000 	0.000 	0.000 	0.000 	0.000 	0.000 	0.000 	0.000 	0.000 	0.000 	0.000 	0.000 	0.000 	0.000 	0.000 	0.000 	0.000 	0.000 	0.000 	0.000 	0.000 	0.000 	0.000 	0.000 	0.000 	0.000 	0.000 	0.000 	0.000 	0.000 	0.000 	0.000 	0.000 	0.000 	0.000 	0.000 
0.000 	0.000 	0.000 	0.000 	0.000 	0.000 	0.000 	0.000 	0.000 	0.000 	0.000 	0.000 	0.000 	0.000 	0.000 	0.000 	0.000 	0.000 	0.000 	0.000 	0.000 	0.000 	0.000 	0.000 	0.000 	0.000 	0.000 	0.000 	0.000 	0.000 	0.000 	0.000 	0.000 	0.000 	0.000 	0.000 	0.000 	0.000 	0.000 	0.000 	0.000 	0.000 	0.000 	0.000 	0.000 	0.000 	0.000 	0.000 	0.000 	0.000 	0.000 	0.000 	0.000 	0.000 	0.000 	0.000 	0.000 	0.000 	0.000 	0.000 	0.000 	0.000 	0.000 	0.000 
0.000 	0.000 	0.000 	0.000 	0.000 	0.000 	0.000 	0.000 	0.000 	0.000 	0.000 	0.000 	0.000 	0.000 	0.000 	0.000 	0.000 	0.000 	0.000 	0.000 	0.000 	0.000 	0.000 	0.000 	0.000 	0.000 	0.000 	0.000 	0.000 	0.000 	0.000 	0.000 	0.000 	0.000 	0.000 	0.000 	0.000 	0.000 	0.000 	0.000 	0.000 	0.000 	0.000 	0.000 	0.000 	0.000 	0.000 	0.000 	0.000 	0.000 	0.000 	0.000 	0.000 	0.000 	0.000 	0.000 	0.000 	0.000 	0.000 	0.000 	0.000 	0.000 	0.000 	0.000 
0.000 	0.000 	0.000 	0.000 	0.000 	0.000 	0.000 	0.000 	0.000 	0.000 	0.000 	0.000 	0.000 	0.000 	0.000 	0.000 	0.000 	0.000 	0.000 	0.000 	0.000 	0.000 	0.000 	0.000 	0.252 	0.000 	0.000 	0.138 	0.000 	0.000 	0.000 	0.000 	0.000 	0.000 	0.000 	0.000 	0.000 	0.000 	0.000 	0.000 	0.000 	0.000 	0.000 	0.000 	0.000 	0.000 	0.000 	0.000 	0.000 	0.000 	0.000 	0.000 	0.000 	0.000 	0.000 	0.000 	0.000 	0.000 	0.000 	0.000 	0.000 	0.000 	0.000 	0.000 
0.000 	0.000 	0.000 	0.000 	0.000 	0.000 	0.000 	0.000 	0.000 	0.000 	0.000 	0.000 	0.000 	0.000 	0.000 	0.000 	0.000 	0.000 	0.000 	0.000 	0.000 	0.000 	0.327 	0.467 	0.000 	0.000 	0.000 	0.000 	0.145 	0.000 	0.000 	0.000 	0.000 	0.000 	0.000 	0.000 	0.000 	0.000 	0.000 	0.000 	0.000 	0.000 	0.000 	0.000 	0.000 	0.000 	0.000 	0.000 	0.000 	0.000 	0.000 	0.000 	0.000 	0.000 	0.000 	0.000 	0.000 	0.000 	0.000 	0.000 	0.000 	0.000 	0.000 	0.000 
0.000 	0.000 	0.000 	0.000 	0.000 	0.000 	0.000 	0.000 	0.000 	0.000 	0.000 	0.000 	0.000 	0.000 	0.000 	0.000 	0.000 	0.000 	0.000 	0.000 	0.000 	0.000 	0.000 	0.367 	0.000 	0.000 	0.000 	0.000 	0.000 	0.000 	0.000 	0.000 	0.000 	0.000 	0.000 	0.000 	0.000 	0.000 	0.000 	0.000 	0.000 	0.000 	0.000 	0.000 	0.000 	0.000 	0.000 	0.000 	0.000 	0.000 	0.000 	0.000 	0.000 	0.000 	0.000 	0.000 	0.000 	0.000 	0.000 	0.000 	0.000 	0.000 	0.000 	0.000 
0.000 	0.000 	0.000 	0.000 	0.000 	0.000 	0.000 	0.000 	0.000 	0.000 	0.000 	0.000 	0.000 	0.000 	0.000 	0.000 	0.000 	0.000 	0.000 	0.011 	0.000 	0.000 	0.185 	0.207 	0.000 	0.199 	0.000 	0.000 	0.000 	0.000 	0.000 	0.000 	0.000 	0.000 	0.000 	0.000 	0.000 	0.000 	0.000 	0.000 	0.000 	0.000 	0.000 	0.000 	0.000 	0.000 	0.000 	0.000 	0.000 	0.000 	0.000 	0.000 	0.000 	0.000 	0.000 	0.000 	0.000 	0.000 	0.000 	0.000 	0.000 	0.000 	0.000 	0.000 
0.000 	0.000 	0.000 	0.000 	0.000 	0.000 	0.000 	0.000 	0.000 	0.000 	0.000 	0.000 	0.000 	0.000 	0.000 	0.000 	0.000 	0.000 	0.000 	0.000 	0.000 	0.000 	0.000 	0.000 	0.176 	0.000 	0.000 	0.000 	0.000 	0.000 	0.000 	0.000 	0.000 	0.000 	0.000 	0.000 	0.000 	0.000 	0.000 	0.000 	0.000 	0.000 	0.000 	0.000 	0.000 	0.000 	0.000 	0.000 	0.000 	0.000 	0.000 	0.000 	0.000 	0.000 	0.000 	0.000 	0.000 	0.000 	0.000 	0.000 	0.000 	0.000 	0.000 	0.000 
0.000 	0.000 	0.000 	0.000 	0.000 	0.000 	0.000 	0.000 	0.000 	0.000 	0.000 	0.000 	0.000 	0.000 	0.000 	0.000 	0.000 	0.000 	0.000 	0.000 	0.000 	0.187 	0.371 	0.000 	0.000 	0.000 	0.000 	0.000 	0.000 	0.000 	0.000 	0.000 	0.000 	0.000 	0.000 	0.000 	0.000 	0.000 	0.000 	0.000 	0.000 	0.000 	0.000 	0.000 	0.000 	0.000 	0.000 	0.000 	0.000 	0.000 	0.000 	0.000 	0.000 	0.000 	0.000 	0.000 	0.000 	0.000 	0.000 	0.000 	0.000 	0.000 	0.000 	0.000 
0.000 	0.000 	0.000 	0.000 	0.000 	0.000 	0.000 	0.000 	0.000 	0.000 	0.000 	0.000 	0.000 	0.000 	0.000 	0.000 	0.000 	0.000 	0.000 	0.000 	0.000 	0.000 	0.000 	0.474 	0.000 	0.000 	0.000 	0.000 	0.000 	0.000 	0.000 	0.000 	0.000 	0.000 	0.000 	0.000 	0.000 	0.000 	0.000 	0.000 	0.000 	0.000 	0.000 	0.000 	0.000 	0.000 	0.000 	0.000 	0.000 	0.000 	0.000 	0.000 	0.000 	0.000 	0.000 	0.000 	0.000 	0.000 	0.000 	0.000 	0.000 	0.000 	0.000 	0.000 
0.000 	0.000 	0.000 	0.000 	0.000 	0.000 	0.000 	0.000 	0.000 	0.000 	0.000 	0.000 	0.000 	0.000 	0.000 	0.000 	0.000 	0.000 	0.000 	0.000 	0.168 	0.350 	0.405 	0.000 	0.369 	0.000 	0.000 	0.000 	0.000 	0.000 	0.000 	0.000 	0.000 	0.000 	0.000 	0.000 	0.000 	0.000 	0.000 	0.000 	0.000 	0.000 	0.000 	0.000 	0.000 	0.000 	0.000 	0.000 	0.000 	0.000 	0.000 	0.000 	0.000 	0.000 	0.000 	0.000 	0.000 	0.000 	0.000 	0.000 	0.000 	0.000 	0.000 	0.000 
0.000 	0.000 	0.000 	0.000 	0.000 	0.000 	0.000 	0.000 	0.000 	0.000 	0.000 	0.000 	0.000 	0.000 	0.000 	0.000 	0.000 	0.000 	0.000 	0.000 	0.205 	0.000 	0.250 	0.000 	0.000 	0.210 	0.000 	0.000 	0.000 	0.000 	0.000 	0.000 	0.000 	0.000 	0.000 	0.000 	0.000 	0.000 	0.000 	0.000 	0.000 	0.000 	0.000 	0.000 	0.000 	0.000 	0.000 	0.000 	0.000 	0.000 	0.000 	0.000 	0.000 	0.000 	0.000 	0.000 	0.000 	0.000 	0.000 	0.000 	0.000 	0.000 	0.000 	0.000 
0.000 	0.000 	0.000 	0.000 	0.000 	0.000 	0.000 	0.000 	0.000 	0.000 	0.000 	0.000 	0.000 	0.000 	0.000 	0.000 	0.000 	0.000 	0.000 	0.000 	0.000 	0.000 	0.000 	0.585 	0.585 	0.000 	0.000 	0.000 	0.000 	0.000 	0.000 	0.000 	0.000 	0.000 	0.000 	0.000 	0.000 	0.000 	0.000 	0.000 	0.000 	0.000 	0.000 	0.000 	0.000 	0.000 	0.000 	0.000 	0.000 	0.000 	0.000 	0.000 	0.000 	0.000 	0.000 	0.000 	0.000 	0.000 	0.000 	0.000 	0.000 	0.000 	0.000 	0.000 
0.000 	0.000 	0.000 	0.000 	0.000 	0.000 	0.000 	0.000 	0.000 	0.000 	0.000 	0.000 	0.000 	0.000 	0.000 	0.000 	0.000 	0.000 	0.000 	0.000 	0.000 	0.593 	0.637 	0.663 	0.000 	0.107 	0.000 	0.000 	0.000 	0.000 	0.000 	0.000 	0.000 	0.000 	0.000 	0.000 	0.000 	0.000 	0.000 	0.000 	0.000 	0.000 	0.000 	0.000 	0.000 	0.000 	0.000 	0.000 	0.000 	0.000 	0.000 	0.000 	0.000 	0.000 	0.000 	0.000 	0.000 	0.000 	0.000 	0.000 	0.000 	0.000 	0.000 	0.000 
0.000 	0.000 	0.000 	0.000 	0.000 	0.000 	0.000 	0.000 	0.000 	0.000 	0.000 	0.000 	0.000 	0.000 	0.000 	0.000 	0.000 	0.073 	0.000 	0.000 	0.727 	0.000 	0.396 	0.491 	0.000 	0.000 	0.000 	0.000 	0.000 	0.000 	0.000 	0.000 	0.000 	0.000 	0.000 	0.000 	0.000 	0.000 	0.000 	0.000 	0.000 	0.000 	0.000 	0.000 	0.000 	0.000 	0.000 	0.000 	0.000 	0.000 	0.000 	0.000 	0.000 	0.000 	0.000 	0.000 	0.000 	0.000 	0.000 	0.000 	0.000 	0.000 	0.000 	0.000 
0.000 	0.000 	0.000 	0.000 	0.000 	0.000 	0.000 	0.000 	0.000 	0.000 	0.000 	0.000 	0.000 	0.000 	0.000 	0.000 	0.000 	0.115 	0.000 	0.560 	0.767 	0.683 	0.654 	0.631 	0.000 	0.000 	0.000 	0.000 	0.000 	0.000 	0.000 	0.000 	0.000 	0.000 	0.000 	0.000 	0.000 	0.000 	0.000 	0.000 	0.000 	0.000 	0.000 	0.000 	0.000 	0.000 	0.000 	0.000 	0.000 	0.000 	0.000 	0.000 	0.000 	0.000 	0.000 	0.000 	0.000 	0.000 	0.000 	0.000 	0.000 	0.000 	0.000 	0.000 
0.000 	0.000 	0.000 	0.000 	0.000 	0.000 	0.000 	0.000 	0.000 	0.000 	0.000 	0.000 	0.000 	0.000 	0.000 	0.000 	0.000 	0.000 	0.000 	0.618 	0.618 	0.405 	0.612 	0.491 	0.000 	0.000 	0.000 	0.000 	0.000 	0.000 	0.000 	0.000 	0.000 	0.000 	0.000 	0.000 	0.000 	0.000 	0.000 	0.000 	0.000 	0.000 	0.000 	0.000 	0.000 	0.000 	0.000 	0.000 	0.000 	0.000 	0.000 	0.000 	0.000 	0.000 	0.000 	0.000 	0.000 	0.000 	0.000 	0.000 	0.000 	0.000 	0.000 	0.000 
0.000 	0.000 	0.000 	0.000 	0.000 	0.000 	0.000 	0.000 	0.000 	0.000 	0.000 	0.000 	0.000 	0.000 	0.000 	0.000 	0.000 	0.000 	0.000 	0.000 	0.606 	0.489 	0.262 	0.507 	0.249 	0.000 	0.000 	0.000 	0.000 	0.000 	0.000 	0.000 	0.000 	0.000 	0.000 	0.000 	0.000 	0.000 	0.000 	0.000 	0.000 	0.000 	0.000 	0.000 	0.000 	0.000 	0.000 	0.000 	0.000 	0.000 	0.000 	0.000 	0.000 	0.000 	0.000 	0.000 	0.000 	0.000 	0.000 	0.000 	0.000 	0.000 	0.000 	0.000 
0.000 	0.000 	0.000 	0.000 	0.000 	0.000 	0.000 	0.000 	0.000 	0.000 	0.000 	0.000 	0.000 	0.000 	0.000 	0.000 	0.000 	0.000 	0.000 	0.384 	0.000 	0.597 	0.717 	0.686 	0.000 	0.000 	0.000 	0.000 	0.000 	0.000 	0.000 	0.000 	0.000 	0.000 	0.000 	0.000 	0.000 	0.000 	0.000 	0.000 	0.000 	0.000 	0.000 	0.000 	0.000 	0.000 	0.000 	0.000 	0.000 	0.000 	0.000 	0.000 	0.000 	0.000 	0.000 	0.000 	0.000 	0.000 	0.000 	0.000 	0.000 	0.000 	0.000 	0.000 
0.000 	0.000 	0.000 	0.000 	0.000 	0.000 	0.000 	0.000 	0.000 	0.000 	0.000 	0.000 	0.000 	0.000 	0.000 	0.000 	0.000 	0.000 	0.618 	0.000 	0.000 	0.000 	0.371 	0.000 	0.000 	0.000 	0.000 	0.000 	0.000 	0.000 	0.000 	0.000 	0.000 	0.000 	0.000 	0.000 	0.000 	0.000 	0.000 	0.000 	0.000 	0.000 	0.000 	0.000 	0.000 	0.000 	0.000 	0.000 	0.000 	0.000 	0.000 	0.000 	0.000 	0.000 	0.000 	0.000 	0.000 	0.000 	0.000 	0.000 	0.000 	0.000 	0.000 	0.000 
0.000 	0.000 	0.000 	0.000 	0.000 	0.000 	0.000 	0.000 	0.000 	0.000 	0.000 	0.000 	0.000 	0.000 	0.000 	0.000 	0.000 	0.000 	0.344 	0.000 	0.000 	0.000 	0.000 	0.000 	0.000 	0.000 	0.000 	0.000 	0.000 	0.000 	0.000 	0.000 	0.000 	0.000 	0.000 	0.000 	0.000 	0.000 	0.000 	0.000 	0.000 	0.000 	0.000 	0.000 	0.000 	0.000 	0.000 	0.000 	0.000 	0.000 	0.000 	0.000 	0.000 	0.000 	0.000 	0.000 	0.000 	0.000 	0.000 	0.000 	0.000 	0.000 	0.000 	0.000 
0.000 	0.000 	0.000 	0.000 	0.000 	0.000 	0.000 	0.000 	0.000 	0.000 	0.000 	0.000 	0.000 	0.000 	0.000 	0.000 	0.312 	0.946 	0.000 	0.000 	0.377 	0.648 	0.000 	0.000 	0.000 	0.000 	0.000 	0.000 	0.000 	0.000 	0.000 	0.000 	0.000 	0.000 	0.000 	0.000 	0.000 	0.000 	0.000 	0.000 	0.000 	0.000 	0.000 	0.000 	0.000 	0.000 	0.000 	0.000 	0.000 	0.000 	0.000 	0.000 	0.000 	0.000 	0.000 	0.000 	0.000 	0.000 	0.000 	0.000 	0.000 	0.000 	0.000 	0.000 
0.000 	0.000 	0.000 	0.000 	0.000 	0.000 	0.000 	0.000 	0.000 	0.000 	0.000 	0.000 	0.000 	0.000 	0.000 	0.000 	0.000 	0.946 	0.000 	0.658 	0.753 	0.553 	0.000 	0.000 	0.000 	0.000 	0.000 	0.000 	0.000 	0.000 	0.000 	0.000 	0.000 	0.000 	0.000 	0.000 	0.000 	0.000 	0.000 	0.000 	0.000 	0.000 	0.000 	0.000 	0.000 	0.000 	0.000 	0.000 	0.000 	0.000 	0.000 	0.000 	0.000 	0.000 	0.000 	0.000 	0.000 	0.000 	0.000 	0.000 	0.000 	0.000 	0.000 	0.000 
0.000 	0.000 	0.000 	0.000 	0.000 	0.000 	0.000 	0.000 	0.000 	0.000 	0.000 	0.000 	0.000 	0.000 	0.000 	0.000 	0.000 	0.000 	0.656 	0.813 	0.815 	0.788 	0.000 	0.000 	0.000 	0.000 	0.000 	0.000 	0.000 	0.000 	0.000 	0.000 	0.000 	0.000 	0.000 	0.000 	0.000 	0.000 	0.000 	0.000 	0.000 	0.000 	0.000 	0.000 	0.000 	0.000 	0.000 	0.000 	0.000 	0.000 	0.000 	0.000 	0.000 	0.000 	0.000 	0.000 	0.000 	0.000 	0.000 	0.000 	0.000 	0.000 	0.000 	0.000 
0.000 	0.000 	0.000 	0.000 	0.000 	0.000 	0.000 	0.000 	0.000 	0.000 	0.000 	0.000 	0.000 	0.038 	0.000 	0.000 	0.069 	0.000 	0.409 	0.719 	0.679 	0.000 	0.000 	0.570 	0.000 	0.000 	0.000 	0.000 	0.000 	0.000 	0.000 	0.000 	0.000 	0.000 	0.000 	0.000 	0.000 	0.000 	0.000 	0.000 	0.000 	0.000 	0.000 	0.000 	0.000 	0.000 	0.000 	0.000 	0.000 	0.000 	0.000 	0.000 	0.000 	0.000 	0.000 	0.000 	0.000 	0.000 	0.000 	0.000 	0.000 	0.000 	0.000 	0.000 
0.000 	0.000 	0.000 	0.000 	0.000 	0.000 	0.000 	0.000 	0.000 	0.000 	0.000 	0.000 	0.000 	0.000 	0.000 	0.000 	0.000 	0.000 	0.000 	0.000 	0.359 	0.589 	0.000 	0.000 	0.036 	0.000 	0.000 	0.000 	0.000 	0.000 	0.000 	0.000 	0.000 	0.000 	0.000 	0.000 	0.000 	0.000 	0.000 	0.000 	0.000 	0.000 	0.000 	0.000 	0.000 	0.000 	0.000 	0.000 	0.000 	0.000 	0.000 	0.000 	0.000 	0.000 	0.000 	0.000 	0.000 	0.000 	0.000 	0.000 	0.000 	0.000 	0.000 	0.000 
0.000 	0.000 	0.000 	0.000 	0.000 	0.000 	0.000 	0.000 	0.000 	0.000 	0.000 	0.000 	0.000 	0.000 	0.000 	0.000 	0.000 	0.161 	0.245 	0.078 	0.000 	0.000 	0.000 	0.000 	0.000 	0.000 	0.000 	0.000 	0.000 	0.000 	0.000 	0.000 	0.000 	0.000 	0.000 	0.000 	0.000 	0.000 	0.000 	0.000 	0.000 	0.000 	0.000 	0.000 	0.000 	0.000 	0.000 	0.000 	0.000 	0.000 	0.000 	0.000 	0.000 	0.000 	0.000 	0.000 	0.000 	0.000 	0.000 	0.000 	0.000 	0.000 	0.000 	0.000 
0.000 	0.000 	0.000 	0.000 	0.000 	0.000 	0.000 	0.000 	0.000 	0.000 	0.000 	0.000 	0.000 	0.000 	0.302 	0.000 	0.000 	0.268 	0.000 	0.000 	0.000 	0.000 	0.000 	0.000 	0.000 	0.000 	0.000 	0.000 	0.000 	0.000 	0.000 	0.000 	0.000 	0.000 	0.000 	0.000 	0.000 	0.000 	0.000 	0.000 	0.000 	0.000 	0.000 	0.000 	0.000 	0.000 	0.000 	0.000 	0.000 	0.000 	0.000 	0.000 	0.000 	0.000 	0.000 	0.000 	0.000 	0.000 	0.000 	0.000 	0.000 	0.000 	0.000 	0.000 
0.000 	0.000 	0.000 	0.000 	0.000 	0.000 	0.000 	0.000 	0.000 	0.000 	0.000 	0.000 	0.000 	0.000 	0.000 	0.000 	0.000 	0.000 	0.470 	0.558 	0.000 	0.000 	0.000 	0.000 	0.000 	0.000 	0.000 	0.000 	0.000 	0.000 	0.000 	0.000 	0.000 	0.000 	0.000 	0.000 	0.000 	0.000 	0.000 	0.000 	0.000 	0.000 	0.000 	0.000 	0.000 	0.000 	0.000 	0.000 	0.000 	0.000 	0.000 	0.000 	0.000 	0.000 	0.000 	0.000 	0.000 	0.000 	0.000 	0.000 	0.000 	0.000 	0.000 	0.000 
0.000 	0.000 	0.000 	0.000 	0.000 	0.000 	0.000 	0.000 	0.000 	0.000 	0.000 	0.000 	0.000 	0.388 	0.000 	0.354 	0.000 	0.516 	0.591 	0.702 	0.742 	0.000 	0.000 	0.000 	0.000 	0.000 	0.000 	0.000 	0.000 	0.000 	0.000 	0.000 	0.000 	0.000 	0.000 	0.000 	0.000 	0.000 	0.000 	0.000 	0.000 	0.000 	0.000 	0.000 	0.000 	0.000 	0.000 	0.000 	0.000 	0.000 	0.000 	0.000 	0.000 	0.000 	0.000 	0.000 	0.000 	0.000 	0.000 	0.000 	0.000 	0.000 	0.000 	0.000 
0.000 	0.000 	0.000 	0.000 	0.000 	0.000 	0.000 	0.000 	0.000 	0.000 	0.000 	0.000 	0.000 	0.000 	0.380 	0.000 	0.000 	0.526 	0.686 	0.564 	0.000 	0.000 	0.000 	0.000 	0.000 	0.000 	0.000 	0.000 	0.000 	0.000 	0.000 	0.000 	0.000 	0.000 	0.000 	0.000 	0.000 	0.000 	0.000 	0.000 	0.000 	0.000 	0.000 	0.000 	0.000 	0.000 	0.000 	0.000 	0.000 	0.000 	0.000 	0.000 	0.000 	0.000 	0.000 	0.000 	0.000 	0.000 	0.000 	0.000 	0.000 	0.000 	0.000 	0.000 
0.000 	0.000 	0.000 	0.000 	0.000 	0.000 	0.000 	0.000 	0.000 	0.000 	0.000 	0.000 	0.000 	0.331 	0.000 	0.000 	0.277 	0.528 	0.681 	0.000 	0.000 	0.000 	0.000 	0.000 	0.000 	0.000 	0.000 	0.000 	0.000 	0.000 	0.000 	0.000 	0.000 	0.000 	0.000 	0.000 	0.000 	0.000 	0.000 	0.000 	0.000 	0.000 	0.000 	0.000 	0.000 	0.000 	0.000 	0.000 	0.000 	0.000 	0.000 	0.000 	0.000 	0.000 	0.000 	0.000 	0.000 	0.000 	0.000 	0.000 	0.000 	0.000 	0.000 	0.000 
0.000 	0.000 	0.000 	0.000 	0.000 	0.000 	0.000 	0.000 	0.000 	0.000 	0.000 	0.000 	0.000 	0.547 	0.461 	0.000 	0.335 	0.707 	0.751 	0.000 	0.140 	0.000 	0.000 	0.000 	0.000 	0.000 	0.000 	0.000 	0.000 	0.000 	0.000 	0.000 	0.000 	0.000 	0.000 	0.000 	0.000 	0.000 	0.000 	0.000 	0.000 	0.000 	0.000 	0.000 	0.000 	0.000 	0.000 	0.000 	0.000 	0.000 	0.000 	0.000 	0.000 	0.000 	0.000 	0.000 	0.000 	0.000 	0.000 	0.000 	0.000 	0.000 	0.000 	0.000 
0.000 	0.000 	0.000 	0.000 	0.000 	0.000 	0.000 	0.000 	0.000 	0.000 	0.000 	0.000 	0.000 	0.478 	0.000 	0.000 	0.665 	0.738 	0.828 	0.000 	0.000 	0.000 	0.000 	0.000 	0.000 	0.000 	0.000 	0.000 	0.000 	0.000 	0.000 	0.000 	0.000 	0.000 	0.000 	0.000 	0.000 	0.000 	0.000 	0.000 	0.000 	0.000 	0.000 	0.000 	0.000 	0.000 	0.000 	0.000 	0.000 	0.000 	0.000 	0.000 	0.000 	0.000 	0.000 	0.000 	0.000 	0.000 	0.000 	0.000 	0.000 	0.000 	0.000 	0.000 
0.000 	0.000 	0.000 	0.000 	0.000 	0.000 	0.000 	0.000 	0.000 	0.000 	0.000 	0.000 	0.415 	0.000 	0.000 	0.000 	0.000 	0.549 	0.629 	0.000 	0.000 	0.000 	0.000 	0.000 	0.000 	0.000 	0.000 	0.000 	0.000 	0.000 	0.000 	0.000 	0.000 	0.000 	0.000 	0.000 	0.000 	0.000 	0.000 	0.000 	0.000 	0.000 	0.000 	0.000 	0.000 	0.000 	0.000 	0.000 	0.000 	0.000 	0.000 	0.000 	0.000 	0.000 	0.000 	0.000 	0.000 	0.000 	0.000 	0.000 	0.000 	0.000 	0.000 	0.000 
0.000 	0.000 	0.000 	0.000 	0.000 	0.000 	0.000 	0.000 	0.000 	0.000 	0.000 	0.000 	0.000 	0.000 	0.264 	0.000 	0.000 	0.000 	0.000 	0.000 	0.000 	0.000 	0.000 	0.000 	0.000 	0.000 	0.000 	0.000 	0.000 	0.000 	0.000 	0.000 	0.000 	0.000 	0.000 	0.000 	0.000 	0.000 	0.000 	0.000 	0.000 	0.000 	0.000 	0.000 	0.000 	0.000 	0.000 	0.000 	0.000 	0.000 	0.000 	0.000 	0.000 	0.000 	0.000 	0.000 	0.000 	0.000 	0.000 	0.000 	0.000 	0.000 	0.000 	0.000 
0.000 	0.000 	0.000 	0.000 	0.000 	0.000 	0.000 	0.000 	0.000 	0.000 	0.000 	0.000 	0.027 	0.337 	0.000 	0.468 	0.428 	0.000 	0.000 	0.000 	0.000 	0.000 	0.000 	0.000 	0.000 	0.000 	0.000 	0.000 	0.000 	0.000 	0.000 	0.000 	0.000 	0.000 	0.000 	0.000 	0.000 	0.000 	0.000 	0.000 	0.000 	0.000 	0.000 	0.000 	0.000 	0.000 	0.000 	0.000 	0.000 	0.000 	0.000 	0.000 	0.000 	0.000 	0.000 	0.000 	0.000 	0.000 	0.000 	0.000 	0.000 	0.000 	0.000 	0.000 
0.000 	0.000 	0.000 	0.000 	0.000 	0.000 	0.000 	0.000 	0.000 	0.000 	0.000 	0.000 	0.000 	0.403 	0.620 	0.501 	0.388 	0.000 	0.094 	0.000 	0.000 	0.000 	0.000 	0.000 	0.000 	0.000 	0.000 	0.000 	0.000 	0.000 	0.000 	0.000 	0.000 	0.000 	0.000 	0.000 	0.000 	0.000 	0.000 	0.000 	0.000 	0.000 	0.000 	0.000 	0.000 	0.000 	0.000 	0.000 	0.000 	0.000 	0.000 	0.000 	0.000 	0.000 	0.000 	0.000 	0.000 	0.000 	0.000 	0.000 	0.000 	0.000 	0.000 	0.000 
0.000 	0.000 	0.000 	0.000 	0.000 	0.000 	0.000 	0.000 	0.000 	0.000 	0.000 	0.000 	0.327 	0.476 	0.604 	0.587 	0.451 	0.000 	0.000 	0.000 	0.000 	0.000 	0.000 	0.000 	0.000 	0.000 	0.000 	0.000 	0.000 	0.000 	0.000 	0.000 	0.000 	0.000 	0.000 	0.000 	0.000 	0.000 	0.000 	0.000 	0.000 	0.000 	0.000 	0.000 	0.000 	0.000 	0.000 	0.000 	0.000 	0.000 	0.000 	0.000 	0.000 	0.000 	0.000 	0.000 	0.000 	0.000 	0.000 	0.000 	0.000 	0.000 	0.000 	0.000 
0.000 	0.000 	0.000 	0.000 	0.000 	0.000 	0.000 	0.000 	0.000 	0.000 	0.000 	0.000 	0.000 	0.000 	0.000 	0.423 	0.000 	0.554 	0.000 	0.000 	0.000 	0.000 	0.000 	0.000 	0.000 	0.000 	0.000 	0.000 	0.000 	0.000 	0.000 	0.000 	0.000 	0.000 	0.000 	0.000 	0.000 	0.000 	0.000 	0.000 	0.000 	0.000 	0.000 	0.000 	0.000 	0.000 	0.000 	0.000 	0.000 	0.000 	0.000 	0.000 	0.000 	0.000 	0.000 	0.000 	0.000 	0.000 	0.000 	0.000 	0.000 	0.000 	0.000 	0.000 
0.000 	0.000 	0.000 	0.000 	0.000 	0.000 	0.000 	0.000 	0.000 	0.000 	0.000 	0.000 	0.484 	0.000 	0.000 	0.000 	0.000 	0.488 	0.000 	0.000 	0.000 	0.000 	0.000 	0.000 	0.000 	0.000 	0.000 	0.000 	0.000 	0.000 	0.000 	0.000 	0.000 	0.000 	0.000 	0.000 	0.000 	0.000 	0.000 	0.000 	0.000 	0.000 	0.000 	0.000 	0.000 	0.000 	0.000 	0.000 	0.000 	0.000 	0.000 	0.000 	0.000 	0.000 	0.000 	0.000 	0.000 	0.000 	0.000 	0.000 	0.000 	0.000 	0.000 	0.000 
0.000 	0.000 	0.000 	0.000 	0.000 	0.000 	0.000 	0.000 	0.000 	0.000 	0.000 	0.000 	0.476 	0.742 	0.000 	0.000 	0.000 	0.000 	0.000 	0.000 	0.000 	0.000 	0.000 	0.000 	0.000 	0.000 	0.000 	0.000 	0.000 	0.000 	0.000 	0.000 	0.000 	0.000 	0.000 	0.000 	0.000 	0.000 	0.000 	0.000 	0.000 	0.000 	0.000 	0.000 	0.000 	0.000 	0.000 	0.000 	0.000 	0.000 	0.000 	0.000 	0.000 	0.000 	0.000 	0.000 	0.000 	0.000 	0.000 	0.000 	0.000 	0.000 	0.000 	0.000 
0.000 	0.000 	0.000 	0.000 	0.000 	0.000 	0.000 	0.000 	0.000 	0.000 	0.000 	0.000 	0.314 	0.734 	0.771 	0.553 	0.000 	0.000 	0.088 	0.000 	0.000 	0.000 	0.000 	0.000 	0.000 	0.000 	0.000 	0.000 	0.000 	0.000 	0.000 	0.000 	0.000 	0.000 	0.000 	0.000 	0.000 	0.000 	0.000 	0.000 	0.000 	0.000 	0.000 	0.000 	0.000 	0.000 	0.000 	0.000 	0.000 	0.000 	0.000 	0.000 	0.000 	0.000 	0.000 	0.000 	0.000 	0.000 	0.000 	0.000 	0.000 	0.000 	0.000 	0.000 
0.000 	0.000 	0.000 	0.000 	0.000 	0.000 	0.000 	0.000 	0.000 	0.000 	0.000 	0.000 	0.298 	0.627 	0.694 	0.627 	0.000 	0.000 	0.000 	0.000 	0.000 	0.000 	0.000 	0.000 	0.000 	0.000 	0.000 	0.000 	0.000 	0.000 	0.000 	0.000 	0.000 	0.000 	0.000 	0.000 	0.000 	0.000 	0.000 	0.000 	0.000 	0.000 	0.000 	0.000 	0.000 	0.000 	0.000 	0.000 	0.000 	0.000 	0.000 	0.000 	0.000 	0.000 	0.000 	0.000 	0.000 	0.000 	0.000 	0.000 	0.000 	0.000 	0.000 	0.000 
0.000 	0.000 	0.000 	0.000 	0.000 	0.000 	0.000 	0.000 	0.000 	0.000 	0.000 	0.000 	0.000 	0.556 	0.656 	0.597 	0.000 	0.000 	0.000 	0.000 	0.000 	0.000 	0.000 	0.000 	0.000 	0.000 	0.000 	0.000 	0.000 	0.000 	0.000 	0.000 	0.000 	0.000 	0.000 	0.000 	0.000 	0.000 	0.000 	0.000 	0.000 	0.000 	0.000 	0.000 	0.000 	0.000 	0.000 	0.000 	0.000 	0.000 	0.000 	0.000 	0.000 	0.000 	0.000 	0.000 	0.000 	0.000 	0.000 	0.000 	0.000 	0.000 	0.000 	0.000 
0.000 	0.000 	0.000 	0.000 	0.000 	0.000 	0.000 	0.000 	0.000 	0.000 	0.000 	0.000 	0.432 	0.625 	0.000 	0.000 	0.000 	0.325 	0.000 	0.000 	0.000 	0.000 	0.000 	0.000 	0.000 	0.000 	0.000 	0.000 	0.000 	0.000 	0.000 	0.000 	0.000 	0.000 	0.000 	0.000 	0.000 	0.000 	0.000 	0.000 	0.000 	0.000 	0.000 	0.000 	0.000 	0.000 	0.000 	0.000 	0.000 	0.000 	0.000 	0.000 	0.000 	0.000 	0.000 	0.000 	0.000 	0.000 	0.000 	0.000 	0.000 	0.000 	0.000 	0.000 
0.000 	0.000 	0.000 	0.000 	0.000 	0.000 	0.000 	0.000 	0.000 	0.000 	0.000 	0.000 	0.000 	0.337 	0.000 	0.000 	0.000 	0.000 	0.000 	0.000 	0.000 	0.000 	0.000 	0.000 	0.000 	0.000 	0.000 	0.000 	0.000 	0.000 	0.000 	0.000 	0.000 	0.000 	0.000 	0.000 	0.000 	0.000 	0.000 	0.000 	0.000 	0.000 	0.000 	0.000 	0.000 	0.000 	0.000 	0.000 	0.000 	0.000 	0.000 	0.000 	0.000 	0.000 	0.000 	0.000 	0.000 	0.000 	0.000 	0.000 	0.000 	0.000 	0.000 	0.000 
0.000 	0.000 	0.000 	0.000 	0.000 	0.000 	0.000 	0.000 	0.000 	0.000 	0.000 	0.000 	0.000 	0.482 	0.000 	0.000 	0.000 	0.000 	0.000 	0.000 	0.000 	0.000 	0.000 	0.000 	0.000 	0.000 	0.000 	0.000 	0.000 	0.000 	0.000 	0.000 	0.000 	0.000 	0.000 	0.000 	0.000 	0.000 	0.000 	0.000 	0.000 	0.000 	0.000 	0.000 	0.000 	0.000 	0.000 	0.000 	0.000 	0.000 	0.000 	0.000 	0.000 	0.000 	0.000 	0.000 	0.000 	0.000 	0.000 	0.000 	0.000 	0.000 	0.000 	0.000 
0.000 	0.000 	0.000 	0.000 	0.000 	0.000 	0.000 	0.000 	0.000 	0.000 	0.000 	0.000 	0.000 	0.440 	0.589 	0.314 	0.000 	0.000 	0.000 	0.000 	0.000 	0.000 	0.000 	0.000 	0.000 	0.000 	0.000 	0.000 	0.000 	0.000 	0.000 	0.000 	0.000 	0.000 	0.000 	0.000 	0.000 	0.000 	0.000 	0.000 	0.000 	0.000 	0.000 	0.000 	0.000 	0.000 	0.000 	0.000 	0.000 	0.000 	0.000 	0.000 	0.000 	0.000 	0.000 	0.000 	0.000 	0.000 	0.000 	0.000 	0.000 	0.000 	0.000 	0.000 
0.000 	0.000 	0.000 	0.000 	0.000 	0.000 	0.000 	0.000 	0.000 	0.000 	0.000 	0.000 	0.000 	0.000 	0.356 	0.386 	0.579 	0.113 	0.000 	0.000 	0.000 	0.000 	0.000 	0.000 	0.000 	0.000 	0.000 	0.000 	0.000 	0.000 	0.000 	0.000 	0.000 	0.000 	0.000 	0.000 	0.000 	0.000 	0.000 	0.000 	0.000 	0.000 	0.000 	0.000 	0.000 	0.000 	0.000 	0.000 	0.000 	0.000 	0.000 	0.000 	0.000 	0.000 	0.000 	0.000 	0.000 	0.000 	0.000 	0.000 	0.000 	0.000 	0.000 	0.000 
0.000 	0.000 	0.000 	0.000 	0.000 	0.000 	0.000 	0.000 	0.000 	0.000 	0.000 	0.000 	0.000 	0.159 	0.683 	0.365 	0.000 	0.000 	0.000 	0.000 	0.000 	0.000 	0.000 	0.000 	0.000 	0.000 	0.000 	0.000 	0.000 	0.000 	0.000 	0.000 	0.000 	0.000 	0.000 	0.000 	0.000 	0.000 	0.000 	0.000 	0.000 	0.000 	0.000 	0.000 	0.000 	0.000 	0.000 	0.000 	0.000 	0.000 	0.000 	0.000 	0.000 	0.000 	0.000 	0.000 	0.000 	0.000 	0.000 	0.000 	0.000 	0.000 	0.000 	0.000 
0.000 	0.000 	0.000 	0.000 	0.000 	0.000 	0.000 	0.000 	0.000 	0.000 	0.000 	0.000 	0.000 	0.245 	0.627 	0.000 	0.000 	0.000 	0.000 	0.000 	0.000 	0.000 	0.000 	0.000 	0.000 	0.000 	0.000 	0.000 	0.000 	0.000 	0.000 	0.000 	0.000 	0.000 	0.000 	0.000 	0.000 	0.000 	0.000 	0.000 	0.000 	0.000 	0.000 	0.000 	0.000 	0.000 	0.000 	0.000 	0.000 	0.000 	0.000 	0.000 	0.000 	0.000 	0.000 	0.000 	0.000 	0.000 	0.000 	0.000 	0.000 	0.000 	0.000 	0.000 
0.000 	0.000 	0.000 	0.000 	0.000 	0.000 	0.000 	0.000 	0.000 	0.000 	0.000 	0.000 	0.000 	0.000 	0.000 	0.000 	0.222 	0.000 	0.000 	0.000 	0.000 	0.000 	0.000 	0.000 	0.000 	0.000 	0.000 	0.000 	0.000 	0.000 	0.000 	0.000 	0.000 	0.000 	0.000 	0.000 	0.000 	0.000 	0.000 	0.000 	0.000 	0.000 	0.000 	0.000 	0.000 	0.000 	0.000 	0.000 	0.000 	0.000 	0.000 	0.000 	0.000 	0.000 	0.000 	0.000 	0.000 	0.000 	0.000 	0.000 	0.000 	0.000 	0.000 	0.000 
0.000 	0.000 	0.000 	0.000 	0.000 	0.000 	0.000 	0.000 	0.000 	0.000 	0.000 	0.000 	0.000 	0.000 	0.553 	0.000 	0.000 	0.000 	0.000 	0.000 	0.000 	0.000 	0.000 	0.000 	0.000 	0.000 	0.000 	0.000 	0.000 	0.000 	0.000 	0.000 	0.000 	0.000 	0.000 	0.000 	0.000 	0.000 	0.000 	0.000 	0.000 	0.000 	0.000 	0.000 	0.000 	0.000 	0.000 	0.000 	0.000 	0.000 	0.000 	0.000 	0.000 	0.000 	0.000 	0.000 	0.000 	0.000 	0.000 	0.000 	0.000 	0.000 	0.000 	0.000 
0.000 	0.000 	0.000 	0.000 	0.000 	0.000 	0.000 	0.000 	0.000 	0.000 	0.000 	0.000 	0.000 	0.000 	0.000 	0.000 	0.000 	0.000 	0.000 	0.000 	0.000 	0.000 	0.000 	0.000 	0.000 	0.000 	0.000 	0.000 	0.000 	0.000 	0.000 	0.000 	0.000 	0.000 	0.000 	0.000 	0.000 	0.000 	0.000 	0.000 	0.000 	0.000 	0.000 	0.000 	0.000 	0.000 	0.000 	0.000 	0.000 	0.000 	0.000 	0.000 	0.000 	0.000 	0.000 	0.000 	0.000 	0.000 	0.000 	0.000 	0.000 	0.000 	0.000 	0.000 
0.000 	0.000 	0.000 	0.000 	0.000 	0.000 	0.000 	0.000 	0.000 	0.000 	0.000 	0.000 	0.000 	0.000 	0.000 	0.000 	0.000 	0.000 	0.000 	0.000 	0.000 	0.000 	0.000 	0.000 	0.000 	0.000 	0.000 	0.000 	0.000 	0.000 	0.000 	0.000 	0.000 	0.000 	0.000 	0.000 	0.000 	0.000 	0.000 	0.000 	0.000 	0.000 	0.000 	0.000 	0.000 	0.000 	0.000 	0.000 	0.000 	0.000 	0.000 	0.000 	0.000 	0.000 	0.000 	0.000 	0.000 	0.000 	0.000 	0.000 	0.000 	0.000 	0.000 	0.000 
0.000 	0.000 	0.000 	0.000 	0.000 	0.000 	0.000 	0.000 	0.000 	0.000 	0.000 	0.000 	0.000 	0.000 	0.000 	0.646 	0.000 	0.000 	0.000 	0.000 	0.000 	0.000 	0.000 	0.000 	0.000 	0.000 	0.000 	0.000 	0.000 	0.000 	0.000 	0.000 	0.000 	0.000 	0.000 	0.000 	0.000 	0.000 	0.000 	0.000 	0.000 	0.000 	0.000 	0.000 	0.000 	0.000 	0.000 	0.000 	0.000 	0.000 	0.000 	0.000 	0.000 	0.000 	0.000 	0.000 	0.000 	0.000 	0.000 	0.000 	0.000 	0.000 	0.000 	0.000 
0.000 	0.000 	0.000 	0.000 	0.000 	0.000 	0.000 	0.000 	0.000 	0.000 	0.000 	0.000 	0.000 	0.000 	0.721 	0.772 	0.564 	0.000 	0.000 	0.000 	0.000 	0.000 	0.000 	0.000 	0.000 	0.000 	0.000 	0.000 	0.000 	0.000 	0.000 	0.000 	0.000 	0.000 	0.000 	0.000 	0.000 	0.000 	0.000 	0.000 	0.000 	0.000 	0.000 	0.000 	0.000 	0.000 	0.000 	0.000 	0.000 	0.000 	0.000 	0.000 	0.000 	0.000 	0.000 	0.000 	0.000 	0.000 	0.000 	0.000 	0.000 	0.000 	0.000 	0.000 
0.000 	0.000 	0.000 	0.000 	0.000 	0.000 	0.000 	0.000 	0.000 	0.000 	0.000 	0.000 	0.000 	0.000 	0.610 	0.493 	0.000 	0.000 	0.000 	0.000 	0.000 	0.000 	0.000 	0.000 	0.000 	0.000 	0.000 	0.000 	0.000 	0.000 	0.000 	0.000 	0.000 	0.000 	0.000 	0.000 	0.000 	0.000 	0.000 	0.000 	0.000 	0.000 	0.000 	0.000 	0.000 	0.000 	0.000 	0.000 	0.000 	0.000 	0.000 	0.000 	0.000 	0.000 	0.000 	0.000 	0.000 	0.000 	0.000 	0.000 	0.000 	0.000 	0.000 	0.000 
0.000 	0.000 	0.000 	0.000 	0.000 	0.000 	0.000 	0.000 	0.000 	0.000 	0.000 	0.000 	0.000 	0.000 	0.000 	0.317 	0.161 	0.000 	0.000 	0.000 	0.000 	0.000 	0.000 	0.000 	0.000 	0.000 	0.000 	0.000 	0.000 	0.000 	0.000 	0.000 	0.000 	0.000 	0.000 	0.000 	0.000 	0.000 	0.000 	0.000 	0.000 	0.000 	0.000 	0.000 	0.000 	0.000 	0.000 	0.000 	0.000 	0.000 	0.000 	0.000 	0.000 	0.000 	0.000 	0.000 	0.000 	0.000 	0.000 	0.000 	0.000 	0.000 	0.000 	0.000 
0.000 	0.000 	0.000 	0.000 	0.000 	0.000 	0.000 	0.000 	0.000 	0.000 	0.101 	0.000 	0.000 	0.000 	0.000 	0.000 	0.052 	0.000 	0.000 	0.000 	0.000 	0.000 	0.000 	0.000 	0.000 	0.000 	0.000 	0.000 	0.000 	0.000 	0.000 	0.000 	0.000 	0.000 	0.000 	0.000 	0.000 	0.000 	0.000 	0.000 	0.000 	0.000 	0.000 	0.000 	0.000 	0.000 	0.000 	0.000 	0.000 	0.000 	0.000 	0.000 	0.000 	0.000 	0.000 	0.000 	0.000 	0.000 	0.000 	0.000 	0.000 	0.000 	0.000 	0.000 
0.000 	0.000 	0.000 	0.000 	0.000 	0.000 	0.000 	0.000 	0.000 	0.000 	0.000 	0.000 	0.000 	0.000 	0.000 	0.000 	0.000 	0.000 	0.000 	0.000 	0.000 	0.000 	0.000 	0.000 	0.000 	0.000 	0.000 	0.000 	0.000 	0.000 	0.000 	0.000 	0.000 	0.000 	0.000 	0.000 	0.000 	0.000 	0.000 	0.000 	0.000 	0.000 	0.000 	0.000 	0.000 	0.000 	0.000 	0.000 	0.000 	0.000 	0.000 	0.000 	0.000 	0.000 	0.000 	0.000 	0.000 	0.000 	0.000 	0.000 	0.000 	0.000 	0.000 	0.000 
0.000 	0.000 	0.000 	0.000 	0.000 	0.000 	0.000 	0.000 	0.000 	0.000 	0.000 	0.000 	0.000 	0.000 	0.646 	0.415 	0.000 	0.000 	0.000 	0.000 	0.000 	0.000 	0.000 	0.000 	0.000 	0.000 	0.000 	0.000 	0.000 	0.000 	0.000 	0.000 	0.000 	0.000 	0.000 	0.000 	0.000 	0.000 	0.000 	0.000 	0.000 	0.000 	0.000 	0.000 	0.000 	0.000 	0.000 	0.000 	0.000 	0.000 	0.000 	0.000 	0.000 	0.000 	0.000 	0.000 	0.000 	0.000 	0.000 	0.000 	0.000 	0.000 	0.000 	0.000 
0.000 	0.000 	0.000 	0.000 	0.000 	0.000 	0.000 	0.000 	0.000 	0.000 	0.000 	0.000 	0.000 	0.000 	0.000 	0.000 	0.000 	0.000 	0.000 	0.000 	0.000 	0.000 	0.000 	0.000 	0.000 	0.000 	0.000 	0.000 	0.000 	0.000 	0.000 	0.000 	0.000 	0.000 	0.000 	0.000 	0.000 	0.000 	0.000 	0.000 	0.000 	0.000 	0.000 	0.000 	0.000 	0.000 	0.000 	0.000 	0.000 	0.000 	0.000 	0.000 	0.000 	0.000 	0.000 	0.000 	0.000 	0.000 	0.000 	0.000 	0.000 	0.000 	0.000 	0.000 
0.000 	0.000 	0.000 	0.000 	0.000 	0.000 	0.000 	0.000 	0.000 	0.000 	0.000 	0.000 	0.000 	0.266 	0.000 	0.000 	0.000 	0.000 	0.000 	0.000 	0.000 	0.000 	0.000 	0.000 	0.000 	0.000 	0.000 	0.000 	0.000 	0.000 	0.000 	0.000 	0.000 	0.000 	0.000 	0.000 	0.000 	0.000 	0.000 	0.000 	0.000 	0.000 	0.000 	0.000 	0.000 	0.000 	0.000 	0.000 	0.000 	0.000 	0.000 	0.000 	0.000 	0.000 	0.000 	0.000 	0.000 	0.000 	0.000 	0.000 	0.000 	0.000 	0.000 	0.000 
0.000 	0.000 	0.000 	0.000 	0.000 	0.000 	0.000 	0.000 	0.000 	0.000 	0.000 	0.000 	0.000 	0.000 	0.000 	0.000 	0.000 	0.000 	0.000 	0.000 	0.000 	0.000 	0.000 	0.000 	0.000 	0.000 	0.000 	0.000 	0.000 	0.000 	0.000 	0.000 	0.000 	0.000 	0.000 	0.000 	0.000 	0.000 	0.000 	0.000 	0.000 	0.000 	0.000 	0.000 	0.000 	0.000 	0.000 	0.000 	0.000 	0.000 	0.000 	0.000 	0.000 	0.000 	0.000 	0.000 	0.000 	0.000 	0.000 	0.000 	0.000 	0.000 	0.000 	0.000 
0.000 	0.000 	0.000 	0.000 	0.000 	0.000 	0.000 	0.000 	0.000 	0.000 	0.000 	0.000 	0.000 	0.547 	0.000 	0.000 	0.000 	0.000 	0.000 	0.000 	0.000 	0.000 	0.000 	0.000 	0.000 	0.000 	0.000 	0.000 	0.000 	0.000 	0.000 	0.000 	0.000 	0.000 	0.000 	0.000 	0.000 	0.000 	0.000 	0.000 	0.000 	0.000 	0.000 	0.000 	0.000 	0.000 	0.000 	0.000 	0.000 	0.000 	0.000 	0.000 	0.000 	0.000 	0.000 	0.000 	0.000 	0.000 	0.000 	0.000 	0.000 	0.000 	0.000 	0.000 
0.000 	0.000 	0.000 	0.000 	0.000 	0.000 	0.000 	0.000 	0.000 	0.000 	0.000 	0.000 	0.000 	0.000 	0.621 	1.000 	1.000 	0.000 	0.000 	0.000 	0.000 	0.000 	0.000 	0.000 	0.000 	0.000 	0.000 	0.000 	0.000 	0.000 	0.000 	0.000 	0.000 	0.000 	0.000 	0.000 	0.000 	0.000 	0.000 	0.000 	0.000 	0.000 	0.000 	0.000 	0.000 	0.000 	0.000 	0.000 	0.000 	0.000 	0.000 	0.000 	0.000 	0.000 	0.000 	0.000 	0.000 	0.000 	0.000 	0.000 	0.000 	0.000 	0.000 	0.000 
0.000 	0.000 	0.000 	0.000 	0.000 	0.000 	0.000 	0.000 	0.000 	0.000 	0.000 	0.000 	0.000 	0.000 	0.000 	0.512 	0.327 	0.000 	0.000 	0.000 	0.000 	0.000 	0.000 	0.000 	0.000 	0.000 	0.000 	0.000 	0.000 	0.000 	0.000 	0.000 	0.000 	0.000 	0.000 	0.000 	0.000 	0.000 	0.000 	0.000 	0.000 	0.000 	0.000 	0.000 	0.000 	0.000 	0.000 	0.000 	0.000 	0.000 	0.000 	0.000 	0.000 	0.000 	0.000 	0.000 	0.000 	0.000 	0.000 	0.000 	0.000 	0.000 	0.000 	0.000 
0.000 	0.000 	0.000 	0.000 	0.000 	0.000 	0.000 	0.000 	0.000 	0.000 	0.000 	0.000 	0.000 	0.000 	0.000 	0.403 	0.000 	0.000 	0.000 	0.000 	0.000 	0.000 	0.000 	0.000 	0.000 	0.000 	0.000 	0.000 	0.000 	0.000 	0.000 	0.000 	0.000 	0.000 	0.000 	0.000 	0.000 	0.000 	0.000 	0.000 	0.000 	0.000 	0.000 	0.000 	0.000 	0.000 	0.000 	0.000 	0.000 	0.000 	0.000 	0.000 	0.000 	0.000 	0.000 	0.000 	0.000 	0.000 	0.000 	0.000 	0.000 	0.000 	0.000 	0.000 
0.000 	0.000 	0.000 	0.000 	0.000 	0.000 	0.000 	0.000 	0.000 	0.000 	0.000 	0.000 	0.000 	0.193 	0.446 	0.388 	0.000 	0.000 	0.000 	0.000 	0.000 	0.000 	0.000 	0.000 	0.000 	0.000 	0.000 	0.000 	0.000 	0.000 	0.000 	0.000 	0.000 	0.000 	0.000 	0.000 	0.000 	0.000 	0.000 	0.000 	0.000 	0.000 	0.000 	0.000 	0.000 	0.000 	0.000 	0.000 	0.000 	0.000 	0.000 	0.000 	0.000 	0.000 	0.000 	0.000 	0.000 	0.000 	0.000 	0.000 	0.000 	0.000 	0.000 	0.000 
0.000 	0.000 	0.000 	0.000 	0.000 	0.000 	0.000 	0.000 	0.000 	0.000 	0.000 	0.000 	0.000 	0.000 	0.229 	0.000 	0.000 	0.000 	0.000 	0.000 	0.000 	0.000 	0.000 	0.000 	0.000 	0.000 	0.000 	0.000 	0.000 	0.000 	0.000 	0.000 	0.000 	0.000 	0.000 	0.000 	0.000 	0.000 	0.000 	0.000 	0.000 	0.000 	0.000 	0.000 	0.000 	0.000 	0.000 	0.000 	0.000 	0.000 	0.000 	0.000 	0.000 	0.000 	0.000 	0.000 	0.000 	0.000 	0.000 	0.000 	0.000 	0.000 	0.000 	0.000 
0.000 	0.000 	0.000 	0.000 	0.000 	0.000 	0.000 	0.000 	0.000 	0.000 	0.000 	0.000 	0.000 	0.000 	0.480 	0.377 	0.000 	0.000 	0.000 	0.000 	0.000 	0.000 	0.000 	0.000 	0.000 	0.000 	0.000 	0.000 	0.000 	0.000 	0.000 	0.000 	0.000 	0.000 	0.000 	0.000 	0.000 	0.000 	0.000 	0.000 	0.000 	0.000 	0.000 	0.000 	0.000 	0.000 	0.000 	0.000 	0.000 	0.000 	0.000 	0.000 	0.000 	0.000 	0.000 	0.000 	0.000 	0.000 	0.000 	0.000 	0.000 	0.000 	0.000 	0.000 
0.000 	0.000 	0.000 	0.000 	0.000 	0.000 	0.000 	0.000 	0.000 	0.000 	0.000 	0.000 	0.000 	0.000 	0.000 	0.000 	0.000 	0.000 	0.000 	0.000 	0.000 	0.000 	0.000 	0.000 	0.000 	0.000 	0.000 	0.000 	0.000 	0.000 	0.000 	0.000 	0.000 	0.000 	0.000 	0.000 	0.000 	0.000 	0.000 	0.000 	0.000 	0.000 	0.000 	0.000 	0.000 	0.000 	0.000 	0.000 	0.000 	0.000 	0.000 	0.000 	0.000 	0.000 	0.000 	0.000 	0.000 	0.000 	0.000 	0.000 	0.000 	0.000 	0.000 	0.000 
0.000 	0.000 	0.000 	0.000 	0.000 	0.000 	0.000 	0.000 	0.000 	0.000 	0.000 	0.000 	0.000 	0.000 	0.000 	0.000 	0.000 	0.000 	0.000 	0.000 	0.000 	0.000 	0.000 	0.000 	0.000 	0.000 	0.000 	0.000 	0.000 	0.000 	0.000 	0.000 	0.000 	0.000 	0.000 	0.000 	0.000 	0.000 	0.000 	0.000 	0.000 	0.000 	0.000 	0.000 	0.000 	0.000 	0.000 	0.000 	0.000 	0.000 	0.000 	0.000 	0.000 	0.000 	0.000 	0.000 	0.000 	0.000 	0.000 	0.000 	0.000 	0.000 	0.000 	0.000 
0.000 	0.000 	0.000 	0.000 	0.000 	0.000 	0.000 	0.000 	0.000 	0.000 	0.000 	0.000 	0.000 	0.000 	0.000 	0.000 	0.000 	0.000 	0.000 	0.000 	0.000 	0.000 	0.000 	0.000 	0.000 	0.000 	0.000 	0.000 	0.000 	0.000 	0.000 	0.000 	0.000 	0.000 	0.000 	0.000 	0.000 	0.000 	0.000 	0.000 	0.000 	0.000 	0.000 	0.000 	0.000 	0.000 	0.000 	0.000 	0.000 	0.000 	0.000 	0.000 	0.000 	0.000 	0.000 	0.000 	0.000 	0.000 	0.000 	0.000 	0.000 	0.000 	0.000 	0.000 
0.000 	0.000 	0.000 	0.000 	0.000 	0.000 	0.000 	0.000 	0.000 	0.000 	0.000 	0.000 	0.000 	0.000 	0.532 	0.000 	0.000 	0.000 	0.000 	0.000 	0.000 	0.000 	0.000 	0.000 	0.000 	0.000 	0.000 	0.000 	0.000 	0.000 	0.000 	0.000 	0.000 	0.000 	0.000 	0.000 	0.000 	0.000 	0.000 	0.000 	0.000 	0.000 	0.000 	0.000 	0.000 	0.000 	0.000 	0.000 	0.000 	0.000 	0.000 	0.000 	0.000 	0.000 	0.000 	0.000 	0.000 	0.000 	0.000 	0.000 	0.000 	0.000 	0.000 	0.000 
0.000 	0.000 	0.000 	0.000 	0.000 	0.000 	0.000 	0.000 	0.000 	0.000 	0.000 	0.000 	0.000 	0.000 	0.419 	0.000 	0.000 	0.000 	0.000 	0.000 	0.000 	0.000 	0.000 	0.000 	0.000 	0.000 	0.000 	0.000 	0.000 	0.000 	0.000 	0.000 	0.000 	0.000 	0.000 	0.000 	0.000 	0.000 	0.000 	0.000 	0.000 	0.000 	0.000 	0.000 	0.000 	0.000 	0.000 	0.000 	0.000 	0.000 	0.000 	0.000 	0.000 	0.000 	0.000 	0.000 	0.000 	0.000 	0.000 	0.000 	0.000 	0.000 	0.000 	0.000 
0.000 	0.000 	0.000 	0.000 	0.000 	0.000 	0.000 	0.000 	0.000 	0.000 	0.000 	0.000 	0.000 	0.000 	0.000 	0.000 	0.000 	0.000 	0.000 	0.000 	0.000 	0.000 	0.000 	0.000 	0.000 	0.000 	0.000 	0.000 	0.000 	0.000 	0.000 	0.000 	0.000 	0.000 	0.000 	0.000 	0.000 	0.000 	0.000 	0.000 	0.000 	0.000 	0.000 	0.000 	0.000 	0.000 	0.000 	0.000 	0.000 	0.000 	0.000 	0.000 	0.000 	0.000 	0.000 	0.000 	0.000 	0.000 	0.000 	0.000 	0.000 	0.000 	0.000 	0.000 
0.000 	0.000 	0.000 	0.000 	0.000 	0.000 	0.000 	0.000 	0.000 	0.000 	0.000 	0.000 	0.000 	0.000 	0.000 	0.000 	0.000 	0.000 	0.000 	0.000 	0.000 	0.000 	0.000 	0.000 	0.000 	0.000 	0.000 	0.000 	0.000 	0.000 	0.000 	0.000 	0.000 	0.000 	0.000 	0.000 	0.000 	0.000 	0.000 	0.000 	0.000 	0.000 	0.000 	0.000 	0.000 	0.000 	0.000 	0.000 	0.000 	0.000 	0.000 	0.000 	0.000 	0.000 	0.000 	0.000 	0.000 	0.000 	0.000 	0.000 	0.000 	0.000 	0.000 	0.000 
0.000 	0.000 	0.000 	0.000 	0.000 	0.000 	0.000 	0.000 	0.000 	0.000 	0.000 	0.000 	0.000 	0.000 	0.000 	0.000 	0.000 	0.000 	0.000 	0.000 	0.000 	0.000 	0.000 	0.000 	0.000 	0.000 	0.000 	0.000 	0.000 	0.000 	0.000 	0.000 	0.000 	0.000 	0.000 	0.000 	0.000 	0.000 	0.000 	0.000 	0.000 	0.000 	0.000 	0.000 	0.000 	0.000 	0.000 	0.000 	0.000 	0.000 	0.000 	0.000 	0.000 	0.000 	0.000 	0.000 	0.000 	0.000 	0.000 	0.000 	0.000 	0.000 	0.000 	0.000 
0.000 	0.000 	0.000 	0.000 	0.000 	0.000 	0.000 	0.000 	0.000 	0.000 	0.000 	0.000 	0.000 	0.000 	0.000 	0.000 	0.000 	0.000 	0.000 	0.000 	0.000 	0.000 	0.000 	0.000 	0.000 	0.000 	0.000 	0.000 	0.000 	0.000 	0.000 	0.000 	0.000 	0.000 	0.000 	0.000 	0.000 	0.000 	0.000 	0.000 	0.000 	0.000 	0.000 	0.000 	0.000 	0.000 	0.000 	0.000 	0.000 	0.000 	0.000 	0.000 	0.000 	0.000 	0.000 	0.000 	0.000 	0.000 	0.000 	0.000 	0.000 	0.000 	0.000 	0.000 
0.000 	0.000 	0.000 	0.000 	0.000 	0.000 	0.000 	0.000 	0.000 	0.000 	0.000 	0.000 	0.229 	0.000 	0.247 	0.000 	0.000 	0.000 	0.000 	0.000 	0.000 	0.000 	0.000 	0.000 	0.000 	0.000 	0.000 	0.000 	0.000 	0.000 	0.000 	0.000 	0.000 	0.000 	0.000 	0.000 	0.000 	0.000 	0.000 	0.000 	0.000 	0.000 	0.000 	0.000 	0.000 	0.000 	0.000 	0.000 	0.000 	0.000 	0.000 	0.000 	0.000 	0.000 	0.000 	0.000 	0.000 	0.000 	0.000 	0.000 	0.000 	0.000 	0.000 	0.000 
0.000 	0.000 	0.000 	0.000 	0.000 	0.000 	0.000 	0.000 	0.000 	0.000 	0.000 	0.076 	0.000 	0.287 	0.000 	0.000 	0.000 	0.000 	0.000 	0.000 	0.000 	0.000 	0.000 	0.000 	0.000 	0.000 	0.000 	0.000 	0.000 	0.000 	0.000 	0.000 	0.000 	0.000 	0.000 	0.000 	0.000 	0.000 	0.000 	0.000 	0.000 	0.000 	0.000 	0.000 	0.000 	0.000 	0.000 	0.000 	0.000 	0.000 	0.000 	0.000 	0.000 	0.000 	0.000 	0.000 	0.000 	0.000 	0.000 	0.000 	0.000 	0.000 	0.000 	0.000 
0.000 	0.000 	0.000 	0.000 	0.000 	0.000 	0.000 	0.000 	0.000 	0.000 	0.000 	0.000 	0.000 	0.000 	0.000 	0.000 	0.000 	0.000 	0.000 	0.000 	0.000 	0.000 	0.000 	0.000 	0.000 	0.000 	0.000 	0.000 	0.000 	0.000 	0.000 	0.000 	0.000 	0.000 	0.000 	0.000 	0.000 	0.000 	0.000 	0.000 	0.000 	0.000 	0.000 	0.000 	0.000 	0.000 	0.000 	0.000 	0.000 	0.000 	0.000 	0.000 	0.000 	0.000 	0.000 	0.000 	0.000 	0.000 	0.000 	0.000 	0.000 	0.000 	0.000 	0.000 
0.000 	0.000 	0.000 	0.000 	0.000 	0.000 	0.000 	0.000 	0.000 	0.000 	0.000 	0.344 	0.000 	0.000 	0.061 	0.000 	0.000 	0.000 	0.000 	0.000 	0.000 	0.000 	0.000 	0.000 	0.000 	0.000 	0.000 	0.000 	0.000 	0.000 	0.000 	0.000 	0.000 	0.000 	0.000 	0.000 	0.000 	0.000 	0.000 	0.000 	0.000 	0.000 	0.000 	0.000 	0.000 	0.000 	0.000 	0.000 	0.000 	0.000 	0.000 	0.000 	0.000 	0.000 	0.000 	0.000 	0.000 	0.000 	0.000 	0.000 	0.000 	0.000 	0.000 	0.000 
0.000 	0.000 	0.000 	0.000 	0.000 	0.000 	0.000 	0.000 	0.000 	0.000 	0.000 	0.000 	0.151 	0.000 	0.000 	0.000 	0.000 	0.000 	0.000 	0.000 	0.000 	0.000 	0.000 	0.000 	0.000 	0.000 	0.000 	0.000 	0.000 	0.000 	0.000 	0.000 	0.000 	0.000 	0.000 	0.000 	0.000 	0.000 	0.000 	0.000 	0.000 	0.000 	0.000 	0.000 	0.000 	0.000 	0.000 	0.000 	0.000 	0.000 	0.000 	0.000 	0.000 	0.000 	0.000 	0.000 	0.000 	0.000 	0.000 	0.000 	0.000 	0.000 	0.000 	0.000 
0.000 	0.000 	0.000 	0.000 	0.000 	0.000 	0.000 	0.000 	0.000 	0.000 	0.000 	0.000 	0.000 	0.000 	0.176 	0.000 	0.000 	0.000 	0.000 	0.000 	0.000 	0.000 	0.000 	0.000 	0.000 	0.000 	0.000 	0.000 	0.000 	0.000 	0.000 	0.000 	0.000 	0.000 	0.000 	0.000 	0.000 	0.000 	0.000 	0.000 	0.000 	0.000 	0.000 	0.000 	0.000 	0.000 	0.000 	0.000 	0.000 	0.000 	0.000 	0.000 	0.000 	0.000 	0.000 	0.000 	0.000 	0.000 	0.000 	0.000 	0.000 	0.000 	0.000 	0.000 
0.000 	0.000 	0.000 	0.000 	0.000 	0.000 	0.000 	0.000 	0.000 	0.000 	0.098 	0.000 	0.000 	0.000 	0.000 	0.000 	0.000 	0.000 	0.000 	0.000 	0.000 	0.000 	0.000 	0.000 	0.000 	0.000 	0.000 	0.000 	0.000 	0.000 	0.000 	0.000 	0.000 	0.000 	0.000 	0.000 	0.000 	0.000 	0.000 	0.000 	0.000 	0.000 	0.000 	0.000 	0.000 	0.000 	0.000 	0.000 	0.000 	0.000 	0.000 	0.000 	0.000 	0.000 	0.000 	0.000 	0.000 	0.000 	0.000 	0.000 	0.000 	0.000 	0.000 	0.000 
0.000 	0.000 	0.000 	0.000 	0.000 	0.000 	0.000 	0.000 	0.000 	0.000 	0.000 	0.000 	0.000 	0.294 	0.000 	0.000 	0.000 	0.000 	0.000 	0.000 	0.000 	0.000 	0.000 	0.000 	0.000 	0.000 	0.000 	0.000 	0.000 	0.000 	0.000 	0.000 	0.000 	0.000 	0.000 	0.000 	0.000 	0.000 	0.000 	0.000 	0.000 	0.000 	0.000 	0.000 	0.000 	0.000 	0.000 	0.000 	0.000 	0.000 	0.000 	0.000 	0.000 	0.000 	0.000 	0.000 	0.000 	0.000 	0.000 	0.000 	0.000 	0.000 	0.000 	0.000 
0.000 	0.000 	0.000 	0.000 	0.000 	0.000 	0.000 	0.000 	0.000 	0.000 	0.000 	0.000 	0.000 	0.099 	0.000 	0.000 	0.000 	0.000 	0.000 	0.000 	0.000 	0.000 	0.000 	0.000 	0.000 	0.000 	0.000 	0.000 	0.000 	0.000 	0.000 	0.000 	0.000 	0.000 	0.000 	0.000 	0.000 	0.000 	0.000 	0.000 	0.000 	0.000 	0.000 	0.000 	0.000 	0.000 	0.000 	0.000 	0.000 	0.000 	0.000 	0.000 	0.000 	0.000 	0.000 	0.000 	0.000 	0.000 	0.000 	0.000 	0.000 	0.000 	0.000 	0.000 
0.000 	0.000 	0.000 	0.000 	0.000 	0.000 	0.000 	0.000 	0.000 	0.141 	0.298 	0.000 	0.000 	0.000 	0.000 	0.000 	0.000 	0.000 	0.000 	0.000 	0.000 	0.000 	0.000 	0.000 	0.000 	0.000 	0.000 	0.000 	0.000 	0.000 	0.000 	0.000 	0.000 	0.000 	0.000 	0.000 	0.000 	0.000 	0.000 	0.000 	0.000 	0.000 	0.000 	0.000 	0.000 	0.000 	0.000 	0.000 	0.000 	0.000 	0.000 	0.000 	0.000 	0.000 	0.000 	0.000 	0.000 	0.000 	0.000 	0.000 	0.000 	0.000 	0.000 	0.000 
0.000 	0.000 	0.000 	0.000 	0.000 	0.000 	0.000 	0.000 	0.000 	0.164 	0.000 	0.185 	0.000 	0.000 	0.000 	0.000 	0.000 	0.000 	0.000 	0.000 	0.000 	0.000 	0.000 	0.000 	0.000 	0.000 	0.000 	0.000 	0.000 	0.000 	0.000 	0.000 	0.000 	0.000 	0.000 	0.000 	0.000 	0.000 	0.000 	0.000 	0.000 	0.000 	0.000 	0.000 	0.000 	0.000 	0.000 	0.000 	0.000 	0.000 	0.000 	0.000 	0.000 	0.000 	0.000 	0.000 	0.000 	0.000 	0.000 	0.000 	0.000 	0.000 	0.000 	0.000 
0.000 	0.000 	0.000 	0.000 	0.000 	0.000 	0.000 	0.000 	0.000 	0.000 	0.000 	0.000 	0.000 	0.000 	0.000 	0.000 	0.000 	0.000 	0.000 	0.000 	0.000 	0.000 	0.000 	0.000 	0.000 	0.000 	0.000 	0.000 	0.000 	0.000 	0.000 	0.000 	0.000 	0.000 	0.000 	0.000 	0.000 	0.000 	0.000 	0.000 	0.000 	0.000 	0.000 	0.000 	0.000 	0.000 	0.000 	0.000 	0.000 	0.000 	0.000 	0.000 	0.000 	0.000 	0.000 	0.000 	0.000 	0.000 	0.000 	0.000 	0.000 	0.000 	0.000 	0.000 
0.000 	0.000 	0.000 	0.000 	0.000 	0.000 	0.000 	0.000 	0.000 	0.000 	0.000 	0.000 	0.000 	0.000 	0.000 	0.000 	0.000 	0.000 	0.000 	0.000 	0.000 	0.000 	0.000 	0.000 	0.000 	0.000 	0.000 	0.000 	0.000 	0.000 	0.000 	0.000 	0.000 	0.000 	0.000 	0.000 	0.000 	0.000 	0.000 	0.000 	0.000 	0.000 	0.000 	0.000 	0.000 	0.000 	0.000 	0.000 	0.000 	0.000 	0.000 	0.000 	0.000 	0.000 	0.000 	0.000 	0.000 	0.000 	0.000 	0.000 	0.000 	0.000 	0.000 	0.000 
0.000 	0.000 	0.000 	0.000 	0.000 	0.000 	0.000 	0.065 	0.155 	0.000 	0.000 	0.000 	0.000 	0.000 	0.000 	0.000 	0.000 	0.000 	0.000 	0.000 	0.000 	0.000 	0.000 	0.000 	0.000 	0.000 	0.000 	0.000 	0.000 	0.000 	0.000 	0.000 	0.000 	0.000 	0.000 	0.000 	0.000 	0.000 	0.000 	0.000 	0.000 	0.000 	0.000 	0.000 	0.000 	0.000 	0.000 	0.000 	0.000 	0.000 	0.000 	0.000 	0.000 	0.000 	0.000 	0.000 	0.000 	0.000 	0.000 	0.000 	0.000 	0.000 	0.000 	0.000 
0.000 	0.000 	0.000 	0.000 	0.000 	0.000 	0.000 	0.000 	0.000 	0.413 	0.000 	0.000 	0.289 	0.000 	0.000 	0.000 	0.000 	0.000 	0.000 	0.000 	0.000 	0.000 	0.000 	0.000 	0.000 	0.000 	0.000 	0.000 	0.000 	0.000 	0.000 	0.000 	0.000 	0.000 	0.000 	0.000 	0.000 	0.000 	0.000 	0.000 	0.000 	0.000 	0.000 	0.000 	0.000 	0.000 	0.000 	0.000 	0.000 	0.000 	0.000 	0.000 	0.000 	0.000 	0.000 	0.000 	0.000 	0.000 	0.000 	0.000 	0.000 	0.000 	0.000 	0.000 
0.000 	0.000 	0.000 	0.000 	0.000 	0.000 	0.000 	0.000 	0.000 	0.000 	0.088 	0.000 	0.000 	0.000 	0.000 	0.000 	0.000 	0.000 	0.000 	0.000 	0.000 	0.000 	0.000 	0.000 	0.000 	0.000 	0.000 	0.000 	0.000 	0.000 	0.000 	0.000 	0.000 	0.000 	0.000 	0.000 	0.000 	0.000 	0.000 	0.000 	0.000 	0.000 	0.000 	0.000 	0.000 	0.000 	0.000 	0.000 	0.000 	0.000 	0.000 	0.000 	0.000 	0.000 	0.000 	0.000 	0.000 	0.000 	0.000 	0.000 	0.000 	0.000 	0.000 	0.000 
0.000 	0.000 	0.000 	0.000 	0.000 	0.000 	0.000 	0.000 	0.000 	0.509 	0.176 	0.000 	0.000 	0.000 	0.000 	0.000 	0.000 	0.000 	0.000 	0.000 	0.000 	0.000 	0.000 	0.000 	0.000 	0.000 	0.000 	0.000 	0.000 	0.000 	0.000 	0.000 	0.000 	0.000 	0.000 	0.000 	0.000 	0.000 	0.000 	0.000 	0.000 	0.000 	0.000 	0.000 	0.000 	0.000 	0.000 	0.000 	0.000 	0.000 	0.000 	0.000 	0.000 	0.000 	0.000 	0.000 	0.000 	0.000 	0.000 	0.000 	0.000 	0.000 	0.000 	0.000 
0.000 	0.000 	0.000 	0.000 	0.000 	0.000 	0.000 	0.000 	0.532 	0.568 	0.000 	0.000 	0.000 	0.000 	0.000 	0.000 	0.000 	0.000 	0.000 	0.000 	0.000 	0.000 	0.000 	0.000 	0.000 	0.000 	0.000 	0.000 	0.000 	0.000 	0.000 	0.000 	0.000 	0.000 	0.000 	0.000 	0.000 	0.000 	0.000 	0.000 	0.000 	0.000 	0.000 	0.000 	0.000 	0.000 	0.000 	0.000 	0.000 	0.000 	0.000 	0.000 	0.000 	0.000 	0.000 	0.000 	0.000 	0.000 	0.000 	0.000 	0.000 	0.000 	0.000 	0.000 
0.000 	0.000 	0.000 	0.000 	0.000 	0.000 	0.231 	0.000 	0.214 	0.000 	0.000 	0.000 	0.000 	0.000 	0.000 	0.000 	0.000 	0.000 	0.000 	0.000 	0.000 	0.000 	0.000 	0.000 	0.000 	0.000 	0.000 	0.000 	0.000 	0.000 	0.000 	0.000 	0.000 	0.000 	0.000 	0.000 	0.000 	0.000 	0.000 	0.000 	0.000 	0.000 	0.000 	0.000 	0.000 	0.000 	0.000 	0.000 	0.000 	0.000 	0.000 	0.000 	0.000 	0.000 	0.000 	0.000 	0.000 	0.000 	0.000 	0.000 	0.000 	0.000 	0.000 	0.000 
0.000 	0.000 	0.000 	0.000 	0.000 	0.134 	0.147 	0.000 	0.000 	0.000 	0.000 	0.000 	0.000 	0.000 	0.000 	0.000 	0.000 	0.000 	0.000 	0.000 	0.000 	0.000 	0.000 	0.000 	0.000 	0.000 	0.000 	0.000 	0.000 	0.000 	0.000 	0.000 	0.000 	0.000 	0.000 	0.000 	0.000 	0.000 	0.000 	0.000 	0.000 	0.000 	0.000 	0.000 	0.000 	0.000 	0.000 	0.000 	0.000 	0.000 	0.000 	0.000 	0.000 	0.000 	0.000 	0.000 	0.000 	0.000 	0.000 	0.000 	0.000 	0.000 	0.000 	0.000 
0.000 	0.000 	0.000 	0.000 	0.000 	0.109 	0.000 	0.000 	0.000 	0.000 	0.000 	0.000 	0.000 	0.000 	0.000 	0.000 	0.000 	0.000 	0.000 	0.000 	0.000 	0.000 	0.000 	0.000 	0.000 	0.000 	0.000 	0.000 	0.000 	0.000 	0.000 	0.000 	0.000 	0.000 	0.000 	0.000 	0.000 	0.000 	0.000 	0.000 	0.000 	0.000 	0.000 	0.000 	0.000 	0.000 	0.000 	0.000 	0.000 	0.000 	0.000 	0.000 	0.000 	0.000 	0.000 	0.000 	0.000 	0.000 	0.000 	0.000 	0.000 	0.000 	0.000 	0.000 
0.000 	0.000 	0.000 	0.000 	0.000 	0.000 	0.583 	0.373 	0.000 	0.000 	0.000 	0.000 	0.000 	0.000 	0.000 	0.000 	0.000 	0.000 	0.000 	0.000 	0.000 	0.000 	0.000 	0.000 	0.000 	0.000 	0.000 	0.000 	0.000 	0.000 	0.000 	0.000 	0.000 	0.000 	0.000 	0.000 	0.000 	0.000 	0.000 	0.000 	0.000 	0.000 	0.000 	0.000 	0.000 	0.000 	0.000 	0.000 	0.000 	0.000 	0.000 	0.000 	0.000 	0.000 	0.000 	0.000 	0.000 	0.000 	0.000 	0.000 	0.000 	0.000 	0.000 	0.000 
0.000 	0.000 	0.000 	0.000 	0.000 	0.000 	0.402 	0.447 	0.000 	0.000 	0.000 	0.000 	0.000 	0.000 	0.000 	0.000 	0.000 	0.000 	0.000 	0.000 	0.000 	0.000 	0.000 	0.000 	0.000 	0.000 	0.000 	0.000 	0.000 	0.000 	0.000 	0.000 	0.000 	0.000 	0.000 	0.000 	0.000 	0.000 	0.000 	0.000 	0.000 	0.000 	0.000 	0.000 	0.000 	0.000 	0.000 	0.000 	0.000 	0.000 	0.000 	0.000 	0.000 	0.000 	0.000 	0.000 	0.000 	0.000 	0.000 	0.000 	0.000 	0.000 	0.000 	0.000 
0.000 	0.000 	0.000 	0.000 	0.000 	0.000 	0.000 	0.000 	0.000 	0.000 	0.000 	0.000 	0.000 	0.000 	0.000 	0.000 	0.000 	0.000 	0.000 	0.000 	0.000 	0.000 	0.000 	0.000 	0.000 	0.000 	0.000 	0.000 	0.000 	0.000 	0.000 	0.000 	0.000 	0.000 	0.000 	0.000 	0.000 	0.000 	0.000 	0.000 	0.000 	0.000 	0.000 	0.000 	0.000 	0.000 	0.000 	0.000 	0.000 	0.000 	0.000 	0.000 	0.000 	0.000 	0.000 	0.000 	0.000 	0.000 	0.000 	0.000 	0.000 	0.000 	0.000 	0.000 
0.000 	0.000 	0.000 	0.000 	0.000 	0.000 	0.329 	0.000 	0.000 	0.000 	0.000 	0.000 	0.000 	0.000 	0.000 	0.000 	0.000 	0.000 	0.000 	0.000 	0.000 	0.000 	0.000 	0.000 	0.000 	0.000 	0.000 	0.000 	0.000 	0.000 	0.000 	0.000 	0.000 	0.000 	0.000 	0.000 	0.000 	0.000 	0.000 	0.000 	0.000 	0.000 	0.000 	0.000 	0.000 	0.000 	0.000 	0.000 	0.000 	0.000 	0.000 	0.000 	0.000 	0.000 	0.000 	0.000 	0.000 	0.000 	0.000 	0.000 	0.000 	0.000 	0.000 	0.000 
0.000 	0.000 	0.000 	0.000 	0.000 	0.000 	0.000 	0.000 	0.000 	0.000 	0.000 	0.000 	0.000 	0.000 	0.000 	0.000 	0.000 	0.000 	0.000 	0.000 	0.000 	0.000 	0.000 	0.000 	0.000 	0.000 	0.000 	0.000 	0.000 	0.000 	0.000 	0.000 	0.000 	0.000 	0.000 	0.000 	0.000 	0.000 	0.000 	0.000 	0.000 	0.000 	0.000 	0.000 	0.000 	0.000 	0.000 	0.000 	0.000 	0.000 	0.000 	0.000 	0.000 	0.000 	0.000 	0.000 	0.000 	0.000 	0.000 	0.000 	0.000 	0.000 	0.000 	0.000 
0.000 	0.000 	0.000 	0.000 	0.000 	0.000 	0.233 	0.000 	0.361 	0.000 	0.000 	0.000 	0.000 	0.000 	0.000 	0.000 	0.000 	0.000 	0.000 	0.000 	0.000 	0.000 	0.000 	0.000 	0.000 	0.000 	0.000 	0.000 	0.000 	0.000 	0.000 	0.000 	0.000 	0.000 	0.000 	0.000 	0.000 	0.000 	0.000 	0.000 	0.000 	0.000 	0.000 	0.000 	0.000 	0.000 	0.000 	0.000 	0.000 	0.000 	0.000 	0.000 	0.000 	0.000 	0.000 	0.000 	0.000 	0.000 	0.000 	0.000 	0.000 	0.000 	0.000 	0.000 
0.000 	0.000 	0.000 	0.000 	0.000 	0.000 	0.243 	0.300 	0.388 	0.000 	0.000 	0.000 	0.000 	0.000 	0.000 	0.000 	0.000 	0.000 	0.000 	0.000 	0.000 	0.000 	0.000 	0.000 	0.000 	0.000 	0.000 	0.000 	0.000 	0.000 	0.000 	0.000 	0.000 	0.000 	0.000 	0.000 	0.000 	0.000 	0.000 	0.000 	0.000 	0.000 	0.000 	0.000 	0.000 	0.000 	0.000 	0.000 	0.000 	0.000 	0.000 	0.000 	0.000 	0.000 	0.000 	0.000 	0.000 	0.000 	0.000 	0.000 	0.000 	0.000 	0.000 	0.000 
0.000 	0.000 	0.000 	0.000 	0.000 	0.000 	0.000 	0.319 	0.000 	0.000 	0.000 	0.000 	0.000 	0.000 	0.000 	0.000 	0.000 	0.000 	0.000 	0.000 	0.000 	0.000 	0.000 	0.000 	0.000 	0.000 	0.000 	0.000 	0.000 	0.000 	0.000 	0.000 	0.000 	0.000 	0.000 	0.000 	0.000 	0.000 	0.000 	0.000 	0.000 	0.000 	0.000 	0.000 	0.000 	0.000 	0.000 	0.000 	0.000 	0.000 	0.000 	0.000 	0.000 	0.000 	0.000 	0.000 	0.000 	0.000 	0.000 	0.000 	0.000 	0.000 	0.000 	0.000 
0.000 	0.000 	0.000 	0.000 	0.000 	0.000 	0.000 	0.354 	0.434 	0.000 	0.000 	0.000 	0.000 	0.000 	0.000 	0.000 	0.000 	0.000 	0.000 	0.000 	0.000 	0.000 	0.000 	0.000 	0.000 	0.000 	0.000 	0.000 	0.000 	0.000 	0.000 	0.000 	0.000 	0.000 	0.000 	0.000 	0.000 	0.000 	0.000 	0.000 	0.000 	0.000 	0.000 	0.000 	0.000 	0.000 	0.000 	0.000 	0.000 	0.000 	0.000 	0.000 	0.000 	0.000 	0.000 	0.000 	0.000 	0.000 	0.000 	0.000 	0.000 	0.000 	0.000 	0.000 
0.000 	0.000 	0.000 	0.000 	0.000 	0.000 	0.000 	0.304 	0.608 	0.000 	0.000 	0.000 	0.000 	0.000 	0.000 	0.000 	0.000 	0.000 	0.000 	0.000 	0.000 	0.000 	0.000 	0.000 	0.000 	0.000 	0.000 	0.000 	0.000 	0.000 	0.000 	0.000 	0.000 	0.000 	0.000 	0.000 	0.000 	0.000 	0.000 	0.000 	0.000 	0.000 	0.000 	0.000 	0.000 	0.000 	0.000 	0.000 	0.000 	0.000 	0.000 	0.000 	0.000 	0.000 	0.000 	0.000 	0.000 	0.000 	0.000 	0.000 	0.000 	0.000 	0.000 	0.000 
0.000 	0.000 	0.000 	0.000 	0.000 	0.000 	0.000 	0.000 	0.000 	0.285 	0.000 	0.000 	0.000 	0.000 	0.000 	0.000 	0.000 	0.000 	0.000 	0.000 	0.000 	0.000 	0.000 	0.000 	0.000 	0.000 	0.000 	0.000 	0.000 	0.000 	0.000 	0.000 	0.000 	0.000 	0.000 	0.000 	0.000 	0.000 	0.000 	0.000 	0.000 	0.000 	0.000 	0.000 	0.000 	0.000 	0.000 	0.000 	0.000 	0.000 	0.000 	0.000 	0.000 	0.000 	0.000 	0.000 	0.000 	0.000 	0.000 	0.000 	0.000 	0.000 	0.000 	0.000 
0.000 	0.000 	0.000 	0.000 	0.000 	0.000 	0.000 	0.000 	0.000 	0.000 	0.000 	0.000 	0.000 	0.000 	0.000 	0.000 	0.000 	0.000 	0.000 	0.000 	0.000 	0.000 	0.000 	0.000 	0.000 	0.000 	0.000 	0.000 	0.000 	0.000 	0.000 	0.000 	0.000 	0.000 	0.000 	0.000 	0.000 	0.000 	0.000 	0.000 	0.000 	0.000 	0.000 	0.000 	0.000 	0.000 	0.000 	0.000 	0.000 	0.000 	0.000 	0.000 	0.000 	0.000 	0.000 	0.000 	0.000 	0.000 	0.000 	0.000 	0.000 	0.000 	0.000 	0.000 
0.000 	0.000 	0.000 	0.000 	0.000 	0.000 	0.000 	0.000 	0.000 	0.000 	0.000 	0.000 	0.000 	0.000 	0.000 	0.000 	0.000 	0.000 	0.000 	0.000 	0.000 	0.000 	0.000 	0.000 	0.000 	0.000 	0.000 	0.000 	0.000 	0.000 	0.000 	0.000 	0.000 	0.000 	0.000 	0.000 	0.000 	0.000 	0.000 	0.000 	0.000 	0.000 	0.000 	0.000 	0.000 	0.000 	0.000 	0.000 	0.000 	0.000 	0.000 	0.000 	0.000 	0.000 	0.000 	0.000 	0.000 	0.000 	0.000 	0.000 	0.000 	0.000 	0.000 	0.000 
0.000 	0.000 	0.000 	0.000 	0.000 	0.000 	0.000 	0.000 	0.000 	0.000 	0.000 	0.000 	0.000 	0.000 	0.000 	0.000 	0.000 	0.000 	0.000 	0.000 	0.000 	0.000 	0.000 	0.000 	0.000 	0.000 	0.000 	0.000 	0.000 	0.000 	0.000 	0.000 	0.000 	0.000 	0.000 	0.000 	0.000 	0.000 	0.000 	0.000 	0.000 	0.000 	0.000 	0.000 	0.000 	0.000 	0.000 	0.000 	0.000 	0.000 	0.000 	0.000 	0.000 	0.000 	0.000 	0.000 	0.000 	0.000 	0.000 	0.000 	0.000 	0.000 	0.000 	0.000 
0.000 	0.000 	0.000 	0.000 	0.000 	0.000 	0.000 	0.000 	0.000 	0.000 	0.000 	0.000 	0.000 	0.000 	0.000 	0.000 	0.000 	0.000 	0.000 	0.000 	0.000 	0.000 	0.000 	0.000 	0.000 	0.000 	0.000 	0.000 	0.000 	0.000 	0.000 	0.000 	0.000 	0.000 	0.000 	0.000 	0.000 	0.000 	0.000 	0.000 	0.000 	0.000 	0.000 	0.000 	0.000 	0.000 	0.000 	0.000 	0.000 	0.000 	0.000 	0.000 	0.000 	0.000 	0.000 	0.000 	0.000 	0.000 	0.000 	0.000 	0.000 	0.000 	0.000 	0.000 
0.000 	0.000 	0.000 	0.000 	0.000 	0.000 	0.000 	0.000 	0.000 	0.000 	0.000 	0.000 	0.000 	0.000 	0.000 	0.000 	0.000 	0.000 	0.000 	0.000 	0.000 	0.000 	0.000 	0.000 	0.000 	0.000 	0.000 	0.000 	0.000 	0.000 	0.000 	0.000 	0.000 	0.000 	0.000 	0.000 	0.000 	0.000 	0.000 	0.000 	0.000 	0.000 	0.000 	0.000 	0.000 	0.000 	0.000 	0.000 	0.000 	0.000 	0.000 	0.000 	0.000 	0.000 	0.000 	0.000 	0.000 	0.000 	0.000 	0.000 	0.000 	0.000 	0.000 	0.000 
0.000 	0.000 	0.000 	0.000 	0.000 	0.000 	0.000 	0.000 	0.000 	0.000 	0.000 	0.000 	0.000 	0.000 	0.000 	0.000 	0.000 	0.000 	0.000 	0.000 	0.000 	0.000 	0.000 	0.000 	0.000 	0.000 	0.000 	0.000 	0.000 	0.000 	0.000 	0.000 	0.000 	0.000 	0.000 	0.000 	0.000 	0.000 	0.000 	0.000 	0.000 	0.000 	0.000 	0.000 	0.000 	0.000 	0.000 	0.000 	0.000 	0.000 	0.000 	0.000 	0.000 	0.000 	0.000 	0.000 	0.000 	0.000 	0.000 	0.000 	0.000 	0.000 	0.000 	0.000 
0.000 	0.000 	0.000 	0.000 	0.000 	0.000 	0.000 	0.000 	0.000 	0.000 	0.000 	0.000 	0.000 	0.000 	0.000 	0.000 	0.000 	0.000 	0.000 	0.000 	0.000 	0.000 	0.000 	0.000 	0.000 	0.000 	0.000 	0.000 	0.000 	0.000 	0.000 	0.000 	0.000 	0.000 	0.000 	0.000 	0.000 	0.000 	0.000 	0.000 	0.000 	0.000 	0.000 	0.000 	0.000 	0.000 	0.000 	0.000 	0.000 	0.000 	0.000 	0.000 	0.000 	0.000 	0.000 	0.000 	0.000 	0.000 	0.000 	0.000 	0.000 	0.000 	0.000 	0.000 
0.000 	0.000 	0.000 	0.000 	0.000 	0.000 	0.000 	0.000 	0.000 	0.000 	0.000 	0.000 	0.000 	0.000 	0.000 	0.000 	0.000 	0.000 	0.000 	0.000 	0.000 	0.000 	0.000 	0.000 	0.000 	0.000 	0.000 	0.000 	0.000 	0.000 	0.000 	0.000 	0.000 	0.000 	0.000 	0.000 	0.000 	0.000 	0.000 	0.000 	0.000 	0.000 	0.000 	0.000 	0.000 	0.000 	0.000 	0.000 	0.000 	0.000 	0.000 	0.000 	0.000 	0.000 	0.000 	0.000 	0.000 	0.000 	0.000 	0.000 	0.000 	0.000 	0.000 	0.000 
0.000 	0.000 	0.000 	0.044 	0.000 	0.000 	0.000 	0.000 	0.000 	0.000 	0.000 	0.000 	0.000 	0.000 	0.000 	0.000 	0.000 	0.000 	0.000 	0.000 	0.000 	0.000 	0.000 	0.000 	0.000 	0.000 	0.000 	0.000 	0.000 	0.000 	0.000 	0.000 	0.000 	0.000 	0.000 	0.000 	0.000 	0.000 	0.000 	0.000 	0.000 	0.000 	0.000 	0.000 	0.000 	0.000 	0.000 	0.000 	0.000 	0.000 	0.000 	0.000 	0.000 	0.000 	0.000 	0.000 	0.000 	0.000 	0.000 	0.000 	0.000 	0.000 	0.000 	0.000 
0.000 	0.000 	0.000 	0.000 	0.000 	0.109 	0.000 	0.000 	0.000 	0.000 	0.000 	0.000 	0.000 	0.000 	0.000 	0.000 	0.000 	0.000 	0.000 	0.000 	0.000 	0.000 	0.000 	0.000 	0.000 	0.000 	0.000 	0.000 	0.000 	0.000 	0.000 	0.000 	0.000 	0.000 	0.000 	0.000 	0.000 	0.000 	0.000 	0.000 	0.000 	0.000 	0.000 	0.000 	0.000 	0.000 	0.000 	0.000 	0.000 	0.000 	0.000 	0.000 	0.000 	0.000 	0.000 	0.000 	0.000 	0.000 	0.000 	0.000 	0.000 	0.000 	0.000 	0.000 
0.000 	0.000 	0.000 	0.000 	0.000 	0.000 	0.000 	0.000 	0.000 	0.000 	0.000 	0.000 	0.000 	0.000 	0.000 	0.000 	0.000 	0.000 	0.000 	0.000 	0.000 	0.000 	0.000 	0.000 	0.000 	0.000 	0.000 	0.000 	0.000 	0.000 	0.000 	0.000 	0.000 	0.000 	0.000 	0.000 	0.000 	0.000 	0.000 	0.000 	0.000 	0.000 	0.000 	0.000 	0.000 	0.000 	0.000 	0.000 	0.000 	0.000 	0.000 	0.000 	0.000 	0.000 	0.000 	0.000 	0.000 	0.000 	0.000 	0.000 	0.000 	0.000 	0.000 	0.000 
