0.501
0.601
0.681
0.731
0.731
0.651
0.501
0.311
0.091
-0.099
-0.239
-0.299
-0.279
-0.159
0.021
0.231
0.411
0.541
0.591
0.561
0.481
0.381
0.311
0.291
0.341
0.451
0.591
0.731
0.811
0.821
0.721
0.541
0.301
0.051
-0.159
-0.309
-0.349
-0.279
-0.119
0.111
0.341
0.531
0.641
0.641
0.551
0.421
0.291
0.201
0.191
0.271
0.431
0.621
0.781
0.881
0.871
0.731
0.501
0.221
-0.049
-0.269
-0.399
-0.379
-0.239
-0.009
0.271
0.521
0.681
0.721
0.651
0.501
0.321
0.171
0.091
0.131
0.271
0.491
0.721
0.901
0.981
0.911
0.711
0.431
0.121
-0.159
-0.359
-0.419
-0.329
-0.119
0.161
0.451
0.671
0.771
0.741
0.591
0.381
0.171
0.021
-0.019
0.091
0.291
0.551
0.801
0.971
1.001
0.871
0.601
0.281
-0.029
-0.279
-0.419
-0.399
-0.229
0.041
0.351
0.621
0.781
0.791
0.651
0.441
0.201
0.001
-0.109
-0.079
0.101
0.361
0.651
0.891
1.001
0.951
0.741
0.441
0.111
-0.179
-0.379
-0.439
-0.319
-0.079
0.221
0.521
0.741
0.811
0.711
0.501
0.251
0.021
-0.159
-0.199
-0.079
0.171
0.471
0.761
0.951
1.001
0.881
0.631
0.301
-0.009
-0.259
-0.369
-0.319
-0.109
0.191
0.501
0.751
0.891
0.851
0.661
0.401
0.131
-0.089
-0.209
-0.159
0.041
0.321
0.621
0.871
1.001
0.961
0.771
0.481
0.181
-0.079
-0.249
-0.249
-0.099
0.161
0.451
0.721
0.911
0.941
0.801
0.551
0.261
0.001
-0.189
-0.239
-0.129
0.101
0.391
0.671
0.861
0.921
0.821
0.591
0.311
0.061
-0.139
-0.209
-0.119
0.091
0.351
0.621
0.841
0.931
0.871
0.671
0.391
0.121
-0.109
-0.249
-0.229
-0.079
0.161
0.431
0.671
0.811
0.811
0.651
0.431
0.201
0.001
-0.119
-0.099
0.051
0.281
0.531
0.751
0.881
0.881
0.741
0.511
0.241
0.001
-0.189
-0.259
-0.199
-0.019
0.211
0.451
0.631
0.701
0.641
0.481
0.291
0.121
0.001
-0.039
0.041
0.231
0.461
0.681
0.851
0.901
0.841
0.661
0.411
0.161
-0.049
-0.179
-0.189
-0.099
0.071
0.271
0.461
0.591
0.621
0.551
0.421
0.281
0.171
0.121
0.141
0.261
0.441
0.621
0.761
0.851
0.861
0.761
0.571
0.351
0.131
-0.039
-0.149
-0.169
-0.109
0.031
0.201
0.341
0.441
0.461
0.411
0.331
0.251
0.191
0.181
0.241
0.341
0.481
0.611
0.711
0.761
0.741
0.641
0.471
0.291
0.111
-0.049
-0.159
-0.199
-0.169
-0.079
0.061
0.181
0.281
0.331
0.331
0.301
0.261
0.231
0.231
0.251
0.311
0.391
0.481
0.561
0.621
0.641
0.571
0.451
0.281
0.111
-0.049
-0.189
-0.279
-0.289
-0.219
-0.109
0.041
0.191
0.301
0.371
0.401
0.401
0.371
0.341
0.331
0.361
0.421
0.511
0.621
0.701
0.741
0.711
0.611
0.451
0.251
0.041
-0.149
-0.269
-0.319
-0.269
-0.139
0.051
0.261
0.441
0.541
0.581
0.561
0.491
0.401
0.321
0.291
0.351
0.471
0.611
0.731
0.821
0.831
0.741
0.551
0.291
0.021
-0.229
-0.399
-0.469
-0.399
-0.219
0.031
0.301
0.531
0.661
0.671
0.601
0.471
0.321
0.191
0.141
0.201
0.361
0.561
0.761
0.911
0.951
0.851
0.611
0.291
-0.059
-0.359
-0.559
-0.619
-0.499
-0.249
0.081
0.411
0.661
0.781
0.741
0.591
0.381
0.171
0.001
-0.039
0.061
0.291
0.591
0.871
1.061
1.101
0.951
0.651
0.281
-0.109
-0.449
-0.639
-0.639
-0.439
-0.089
0.311
0.661
0.881
0.911
0.771
0.531
0.261
-0.009
-0.199
-0.219
-0.049
0.261
0.621
0.951
1.151
1.171
0.981
0.641
0.211
-0.209
-0.539
-0.679
-0.589
-0.309
0.091
0.501
0.821
0.991
0.941
0.711
0.401
0.061
-0.239
-0.399
-0.349
-0.099
0.271
0.661
0.991
1.171
1.141
0.911
0.541
0.121
-0.269
-0.539
-0.609
-0.439
-0.089
0.331
0.731
0.991
1.051
0.901
0.591
0.231
-0.119
-0.409
-0.529
-0.419
-0.129
0.271
0.671
0.991
1.131
1.071
0.811
0.451
0.071
-0.259
-0.459
-0.439
-0.209
0.151
0.551
0.891
1.091
1.061
0.821
0.471
0.091
-0.249
-0.499
-0.559
-0.419
-0.129
0.241
0.611
0.891
0.991
0.891
0.631
0.311
0.001
-0.229
-0.319
-0.209
0.071
0.411
0.741
0.991
1.071
0.951
0.671
0.311
-0.039
-0.339
-0.529
-0.529
-0.349
-0.059
0.261
0.571
0.771
0.821
0.691
0.461
0.211
-0.019
-0.159
-0.169
0.001
0.281
0.571
0.831
0.981
0.971
0.811
0.521
0.201
-0.109
-0.349
-0.469
-0.429
-0.259
-0.009
0.251
0.481
0.621
0.631
0.531
0.381
0.211
0.061
-0.009
0.051
0.221
0.451
0.661
0.821
0.901
0.871
0.691
0.421
0.151
-0.089
-0.269
-0.339
-0.299
-0.179
-0.009
0.191
0.361
0.461
0.471
0.401
0.301
0.211
0.141
0.141
0.221
0.361
0.541
0.701
0.801
0.831
0.761
0.601
0.391
0.171
-0.029
-0.169
-0.229
-0.199
-0.129
-0.009
0.131
0.261
0.351
0.391
0.391
0.361
0.321
0.291
0.291
0.351
0.431
0.551
0.661
0.731
0.741
0.681
0.571
0.421
0.261
0.111
-0.019
-0.099
-0.129
-0.109
-0.039
0.071
0.181
0.301
0.381
0.431
0.441
0.431
0.411
0.401
0.411
0.451
0.501
0.581
0.641
0.671
0.661
0.601
0.501
0.361
0.211
0.061
-0.059
-0.119
-0.129
-0.069
0.031
0.161
0.311
0.441
0.521
0.551
0.531
0.491
0.431
0.391
0.401
0.451
0.521
0.601
0.681
0.721
0.701
0.621
0.481
0.301
0.141
0.011
-0.069
-0.069
0.011
0.161
0.351
0.551
0.731
0.861
0.901
0.861
0.771
0.681
0.591
0.551
0.541
0.561
0.621
0.711
0.751
0.721
0.591
0.401
0.181
-0.029
-0.219
-0.319
-0.319
-0.209
-0.019
0.221
0.431
0.581
0.631
0.591
0.481
0.341
0.201
0.131
0.131
0.221
0.381
0.551
0.691
0.751
0.701
0.551
0.331
0.081
-0.149
-0.319
-0.379
-0.319
-0.149
0.091
0.331
0.521
0.611
0.561
0.411
0.221
0.041
-0.099
-0.129
-0.049
0.131
0.361
0.581
0.721
0.761
0.661
0.461
0.191
-0.089
-0.319
-0.449
-0.439
-0.289
-0.049
0.221
0.451
0.581
0.571
0.451
0.241
0.011
-0.199
-0.309
-0.289
-0.129
0.121
0.401
0.641
0.771
0.751
0.601
0.371
0.111
-0.139
-0.319
-0.389
-0.289
-0.069
0.211
0.491
0.671
0.721
0.601
0.381
0.131
-0.119
-0.299
-0.379
-0.299
-0.079
0.211
0.501
0.711
0.781
0.691
0.481
0.221
-0.029
-0.239
-0.359
-0.329
-0.129
0.161
0.461
0.691
0.801
0.741
0.551
0.291
0.011
-0.239
-0.399
-0.389
-0.199
0.081
0.401
0.671
0.821
0.811
0.641
0.391
0.121
-0.129
-0.299
-0.319
-0.179
0.071
0.371
0.641
0.821
0.831
0.681
0.421
0.131
-0.169
-0.409
-0.479
-0.369
-0.129
0.191
0.501
0.731
0.821
0.731
0.521
0.271
0.021
-0.189
-0.259
-0.179
0.031
0.311
0.591
0.801
0.881
0.791
0.561
0.261
-0.049
-0.319
-0.489
-0.489
-0.309
-0.009
0.301
0.571
0.721
0.721
0.581
0.361
0.121
-0.079
-0.199
-0.179
-0.019
0.231
0.511
0.731
0.861
0.831
0.651
0.361
0.051
-0.239
-0.469
-0.549
-0.459
-0.229
0.061
0.361
0.581
0.671
0.631
0.471
0.261
0.061
-0.089
-0.139
-0.039
0.161
0.421
0.661
0.821
0.861
0.761
0.531
0.231
-0.079
-0.339
-0.499
-0.509
-0.369
-0.139
0.131
0.371
0.531
0.571
0.491
0.341
0.171
0.031
-0.049
-0.029
0.131
0.351
0.581
0.761
0.861
0.831
0.681
0.431
0.151
-0.119
-0.329
-0.439
-0.409
-0.269
-0.069
0.161
0.351
0.471
0.481
0.401
0.281
0.151
0.071
0.041
0.121
0.281
0.461
0.621
0.731
0.771
0.711
0.561
0.331
0.091
-0.129
-0.299
-0.369
-0.329
-0.209
-0.059
0.121
0.281
0.381
0.381
0.331
0.251
0.191
0.151
0.171
0.251
0.371
0.491
0.601
0.671
0.691
