0.215 
-0.113 
-0.390 
-0.567 
-0.605 
-0.482 
-0.275 
-0.009 
0.238 
0.410 
0.479 
0.422 
0.254 
0.008 
-0.207 
-0.347 
-0.354 
-0.266 
-0.062 
0.203 
0.458 
0.632 
0.670 
0.583 
0.383 
0.097 
-0.189 
-0.404 
-0.512 
-0.514 
-0.415 
-0.228 
-0.020 
0.168 
0.285 
0.307 
0.241 
0.112 
-0.025 
-0.142 
-0.182 
-0.151 
-0.038 
0.132 
0.331 
0.486 
0.584 
0.578 
0.479 
0.288 
0.061 
-0.164 
-0.346 
-0.427 
-0.415 
-0.335 
-0.227 
-0.074 
0.036 
0.138 
0.151 
0.119 
0.047 
-0.023 
-0.078 
-0.070 
-0.005 
0.102 
0.239 
0.353 
0.463 
0.521 
0.471 
0.365 
0.198 
0.021 
-0.146 
-0.277 
-0.347 
-0.359 
-0.329 
-0.261 
-0.177 
-0.107 
-0.044 
0.004 
0.030 
0.019 
0.010 
-0.007 
0.012 
0.062 
0.142 
0.230 
0.314 
0.399 
0.406 
0.389 
0.312 
0.194 
0.056 
-0.094 
-0.213 
-0.307 
-0.361 
-0.364 
-0.345 
-0.281 
-0.219 
-0.124 
-0.038 
0.028 
0.078 
0.093 
0.083 
0.080 
0.087 
0.122 
0.176 
0.236 
0.316 
0.369 
0.359 
0.332 
0.244 
0.126 
-0.037 
-0.191 
-0.322 
-0.402 
-0.445 
-0.436 
-0.362 
-0.249 
-0.111 
0.000 
0.092 
0.137 
0.140 
0.119 
0.064 
0.003 
0.008 
0.072 
0.154 
0.255 
0.351 
0.396 
0.389 
0.314 
0.172 
-0.022 
-0.237 
-0.412 
-0.535 
-0.565 
-0.532 
-0.406 
-0.246 
-0.072 
0.081 
0.171 
0.198 
0.154 
0.071 
-0.025 
-0.091 
-0.101 
-0.044 
0.082 
0.238 
0.395 
0.466 
0.458 
0.366 
0.172 
-0.083 
-0.323 
-0.525 
-0.645 
-0.625 
-0.530 
-0.344 
-0.116 
0.085 
0.235 
0.295 
0.264 
0.148 
0.006 
-0.120 
-0.190 
-0.169 
-0.051 
0.137 
0.344 
0.504 
0.578 
0.535 
0.384 
0.129 
-0.168 
-0.436 
-0.625 
-0.703 
-0.645 
-0.452 
-0.194 
0.059 
0.269 
0.379 
0.371 
0.247 
0.049 
-0.131 
-0.276 
-0.322 
-0.243 
-0.049 
0.198 
0.449 
0.632 
0.669 
0.556 
0.336 
0.014 
-0.307 
-0.576 
-0.724 
-0.709 
-0.556 
-0.297 
0.006 
0.286 
0.453 
0.498 
0.388 
0.183 
-0.060 
-0.290 
-0.407 
-0.394 
-0.220 
0.056 
0.362 
0.621 
0.748 
0.726 
0.563 
0.258 
-0.105 
-0.427 
-0.664 
-0.739 
-0.651 
-0.405 
-0.075 
0.247 
0.467 
0.552 
0.509 
0.296 
0.023 
-0.257 
-0.463 
-0.533 
-0.418 
-0.176 
0.132 
0.464 
0.704 
0.769 
0.663 
0.413 
0.040 
-0.321 
-0.613 
-0.761 
-0.746 
-0.520 
-0.220 
0.140 
0.424 
0.591 
0.597 
0.430 
0.128 
-0.194 
-0.479 
-0.637 
-0.627 
-0.436 
-0.114 
0.233 
0.546 
0.721 
0.725 
0.563 
0.240 
-0.125 
-0.465 
-0.692 
-0.738 
-0.615 
-0.302 
0.059 
0.378 
0.605 
0.658 
0.551 
0.284 
-0.076 
-0.417 
-0.676 
-0.756 
-0.656 
-0.386 
-0.018 
0.332 
0.575 
0.691 
0.608 
0.383 
0.043 
-0.295 
-0.569 
-0.677 
-0.611 
-0.391 
-0.063 
0.286 
0.554 
0.680 
0.646 
0.412 
0.079 
-0.281 
-0.598 
-0.772 
-0.760 
-0.580 
-0.260 
0.068 
0.361 
0.566 
0.579 
0.437 
0.167 
-0.143 
-0.421 
-0.567 
-0.584 
-0.419 
-0.140 
0.168 
0.455 
0.620 
0.657 
0.519 
0.251 
-0.101 
-0.451 
-0.696 
-0.813 
-0.750 
-0.531 
-0.233 
0.073 
0.306 
0.442 
0.407 
0.247 
-0.002 
-0.257 
-0.452 
-0.518 
-0.458 
-0.258 
0.021 
0.298 
0.516 
0.618 
0.565 
0.378 
0.090 
-0.231 
-0.527 
-0.734 
-0.802 
-0.712 
-0.505 
-0.250 
0.014 
0.211 
0.291 
0.249 
0.091 
-0.103 
-0.273 
-0.377 
-0.377 
-0.268 
-0.063 
0.174 
0.387 
0.534 
0.560 
0.471 
0.263 
